0	-5	0.45	0	0	0	
0.023	-5	0.45	0.01	0.028	359.991	
0.043	-5	0.451	0.031	0.091	359.949	
0.063	-5	0.453	0.066	0.192	359.845	
0.083	-5	0.456	0.11	0.319	359.651	
0.103	-5	0.461	0.152	0.443	359.36	
0.123	-5	0.468	0.192	0.562	358.974	
0.143	-5	0.476	0.229	0.677	358.495	
0.163	-5.001	0.486	0.265	0.787	357.927	
0.183	-5.001	0.497	0.298	0.893	357.272	
0.203	-5.002	0.51	0.328	0.995	356.532	
0.223	-5.003	0.523	0.357	1.093	355.709	
0.243	-5.004	0.538	0.383	1.188	354.804	
0.263	-5.006	0.555	0.407	1.278	353.821	
0.283	-5.008	0.572	0.43	1.365	352.761	
0.303	-5.01	0.59	0.45	1.449	351.625	
0.323	-5.013	0.609	0.469	1.529	350.416	
0.343	-5.017	0.63	0.487	1.607	349.136	
0.363	-5.021	0.65	0.503	1.681	347.787	
0.383	-5.026	0.672	0.518	1.752	346.37	
0.403	-5.032	0.695	0.533	1.821	344.889	
0.423	-5.038	0.718	0.547	1.887	343.346	
0.443	-5.046	0.741	0.56	1.95	341.742	
0.463	-5.054	0.765	0.574	2.011	340.082	
0.483	-5.063	0.79	0.587	2.069	338.368	
0.503	-5.074	0.814	0.601	2.125	336.602	
0.523	-5.085	0.84	0.616	2.179	334.789	
0.543	-5.097	0.865	0.631	2.231	332.931	
0.563	-5.111	0.891	0.647	2.281	331.032	
0.583	-5.126	0.916	0.664	2.329	329.095	
0.603	-5.142	0.942	0.683	2.375	327.124	
0.623	-5.159	0.967	0.702	2.419	325.122	
0.643	-5.177	0.993	0.723	2.461	323.093	
0.663	-5.197	1.018	0.746	2.502	321.041	
0.683	-5.218	1.043	0.769	2.541	318.969	
0.703	-5.241	1.068	0.794	2.579	316.88	
0.723	-5.264	1.093	0.821	2.615	314.779	
0.743	-5.289	1.117	0.848	2.65	312.667	
0.763	-5.316	1.14	0.877	2.683	310.549	
0.783	-5.343	1.163	0.906	2.715	308.426	
0.803	-5.373	1.185	0.937	2.746	306.302	
0.823	-5.403	1.206	0.968	2.775	304.178	
0.843	-5.434	1.227	1	2.804	302.058	
0.863	-5.467	1.247	1.032	2.831	299.942	
0.883	-5.501	1.266	1.064	2.857	297.833	
0.903	-5.537	1.283	1.096	2.883	295.731	
0.923	-5.573	1.3	1.128	2.907	293.638	
0.943	-5.61	1.316	1.16	2.93	291.554	
0.963	-5.649	1.33	1.192	2.952	289.482	
0.983	-5.688	1.343	1.181	2.87	287.441	
1.003	-5.726	1.354	1.143	2.73	285.513	
1.023	-5.763	1.364	1.101	2.589	283.703	
1.043	-5.798	1.372	1.056	2.449	282.007	
1.063	-5.831	1.379	1.01	2.309	280.422	
1.083	-5.863	1.384	0.961	2.169	278.945	
1.103	-5.893	1.388	0.91	2.028	277.575	
1.123	-5.922	1.392	0.859	1.888	276.309	
1.143	-5.948	1.395	0.806	1.747	275.147	
1.163	-5.973	1.396	0.753	1.607	274.087	
1.183	-5.995	1.398	0.7	1.466	273.13	
1.203	-6.016	1.399	0.648	1.325	272.276	
1.223	-6.035	1.4	0.597	1.184	271.526	
1.243	-6.052	1.4	0.55	1.043	270.883	
1.263	-6.067	1.4	0.509	0.902	270.353	
1.283	-6.081	1.4	0.485	0.76	269.946	
1.303	-6.093	1.4	0.565	0.617	269.708	
1.323	-6.1	1.4	0.084	-0.053	269.949	
1.343	-6.1	1.4	0	0	270	
1.343	-6.1	1.4	0	0	270	
1.382	-6.099	1.4	-0.069	-0.069	270	
1.402	-6.097	1.4	-0.159	-0.159	270	
1.422	-6.093	1.4	-0.282	-0.282	270	
1.442	-6.086	1.4	-0.407	-0.407	270	
1.462	-6.076	1.4	-0.528	-0.528	270	
1.482	-6.065	1.4	-0.644	-0.644	270	
1.502	-6.051	1.4	-0.756	-0.756	270	
1.522	-6.035	1.4	-0.863	-0.863	270	
1.542	-6.016	1.4	-0.966	-0.966	270	
1.562	-5.996	1.4	-1.066	-1.066	270	
1.582	-5.974	1.4	-1.161	-1.161	270	
1.602	-5.95	1.4	-1.253	-1.253	270	
1.622	-5.924	1.4	-1.341	-1.341	270	
1.642	-5.896	1.4	-1.425	-1.425	270	
1.662	-5.867	1.4	-1.507	-1.507	270	
1.682	-5.836	1.4	-1.585	-1.585	270	
1.702	-5.804	1.4	-1.66	-1.66	270	
1.722	-5.77	1.4	-1.732	-1.732	270	
1.742	-5.735	1.4	-1.801	-1.801	270	
1.762	-5.698	1.4	-1.868	-1.868	270	
1.782	-5.66	1.4	-1.932	-1.932	270	
1.802	-5.621	1.4	-1.993	-1.993	270	
1.822	-5.58	1.4	-2.052	-2.052	270	
1.842	-5.539	1.4	-2.109	-2.109	270	
1.862	-5.496	1.4	-2.164	-2.164	270	
1.882	-5.452	1.4	-2.216	-2.216	270	
1.902	-5.407	1.4	-2.267	-2.267	270	
1.922	-5.362	1.4	-2.315	-2.315	270	
1.942	-5.315	1.4	-2.361	-2.361	270	
1.962	-5.267	1.4	-2.406	-2.406	270	
1.982	-5.219	1.4	-2.449	-2.449	270	
2.002	-5.169	1.4	-2.49	-2.49	270	
2.022	-5.119	1.4	-2.53	-2.53	270	
2.042	-5.068	1.4	-2.568	-2.568	270	
2.062	-5.016	1.4	-2.605	-2.605	270	
2.082	-4.964	1.4	-2.64	-2.64	270	
2.102	-4.911	1.4	-2.673	-2.673	270	
2.122	-4.857	1.4	-2.706	-2.706	270	
2.142	-4.803	1.4	-2.737	-2.737	270	
2.162	-4.748	1.4	-2.767	-2.767	270	
2.182	-4.692	1.4	-2.796	-2.796	270	
2.202	-4.636	1.4	-2.823	-2.823	270	
2.222	-4.579	1.4	-2.85	-2.85	270	
2.242	-4.522	1.4	-2.875	-2.875	270	
2.262	-4.464	1.4	-2.9	-2.9	270	
2.282	-4.406	1.4	-2.923	-2.923	270	
2.302	-4.347	1.4	-2.946	-2.946	270	
2.322	-4.288	1.4	-2.968	-2.968	270	
2.342	-4.229	1.4	-2.989	-2.989	270	
2.362	-4.169	1.4	-3.009	-3.009	270	
2.382	-4.108	1.4	-3.028	-3.028	270	
2.402	-4.048	1.4	-3.047	-3.047	270	
2.422	-3.986	1.4	-3.064	-3.064	270	
2.442	-3.925	1.4	-3.081	-3.081	270	
2.462	-3.863	1.4	-3.098	-3.098	270	
2.482	-3.801	1.4	-3.114	-3.114	270	
2.502	-3.739	1.4	-3.129	-3.129	270	
2.522	-3.676	1.4	-3.143	-3.143	270	
2.542	-3.613	1.4	-3.157	-3.157	270	
2.562	-3.55	1.4	-3.171	-3.171	270	
2.582	-3.486	1.4	-3.184	-3.184	270	
2.602	-3.422	1.4	-3.196	-3.196	270	
2.622	-3.358	1.4	-3.208	-3.208	270	
2.642	-3.295	1.4	-3.115	-3.115	270	
2.662	-3.234	1.4	-2.975	-2.975	270	
2.682	-3.176	1.4	-2.835	-2.835	270	
2.702	-3.12	1.4	-2.695	-2.695	270	
2.722	-3.068	1.4	-2.555	-2.555	270	
2.742	-3.018	1.4	-2.414	-2.414	270	
2.762	-2.971	1.4	-2.274	-2.274	270	
2.782	-2.927	1.4	-2.134	-2.134	270	
2.802	-2.885	1.4	-1.993	-1.993	270	
2.822	-2.847	1.4	-1.853	-1.853	270	
2.842	-2.811	1.4	-1.712	-1.712	270	
2.862	-2.778	1.4	-1.572	-1.572	270	
2.882	-2.748	1.4	-1.431	-1.431	270	
2.902	-2.72	1.4	-1.29	-1.29	270	
2.922	-2.696	1.4	-1.149	-1.149	270	
2.942	-2.674	1.4	-1.008	-1.008	270	
2.962	-2.655	1.4	-0.866	-0.866	270	
2.982	-2.639	1.4	-0.723	-0.723	270	
3.002	-2.626	1.4	-0.581	-0.581	270	
3.022	-2.615	1.4	-0.441	-0.441	270	
3.042	-2.608	1.4	-0.301	-0.301	270	
3.062	-2.603	1.4	-0.168	-0.168	270	
3.082	-2.601	1.4	-0.072	-0.072	270	
3.102	-2.6	1.4	-0.016	-0.016	270	
3.102	-2.6	1.4	0	0	270	
3.133	-2.601	1.4	0.05	0.05	270	
3.153	-2.602	1.4	0.129	0.13	269.999	
3.173	-2.606	1.4	0.245	0.247	269.997	
3.193	-2.612	1.4	0.37	0.374	269.994	
3.213	-2.621	1.4	0.492	0.495	269.989	
3.233	-2.632	1.4	0.609	0.613	269.985	
3.253	-2.645	1.4	0.722	0.725	269.98	
3.273	-2.66	1.4	0.83	0.833	269.976	
3.293	-2.678	1.4	0.935	0.936	269.974	
3.313	-2.698	1.4	1.035	1.035	269.973	
3.333	-2.719	1.4	1.132	1.129	269.975	
3.353	-2.743	1.4	1.225	1.219	269.98	
3.373	-2.768	1.4	1.314	1.304	269.989	
3.393	-2.795	1.4	1.399	1.386	270.002	
3.413	-2.824	1.4	1.482	1.463	270.021	
3.433	-2.854	1.4	1.561	1.537	270.046	
3.453	-2.886	1.4	1.637	1.607	270.077	
3.473	-2.919	1.4	1.71	1.674	270.115	
3.493	-2.953	1.4	1.78	1.737	270.162	
3.513	-2.989	1.4	1.848	1.797	270.217	
3.533	-3.026	1.4	1.912	1.854	270.28	
3.553	-3.064	1.401	1.975	1.908	270.354	
3.573	-3.104	1.401	2.034	1.959	270.437	
3.593	-3.144	1.401	2.092	2.007	270.531	
3.613	-3.185	1.402	2.147	2.053	270.636	
3.633	-3.228	1.402	2.2	2.096	270.753	
3.653	-3.271	1.403	2.251	2.136	270.882	
3.673	-3.316	1.404	2.3	2.174	271.024	
3.693	-3.361	1.404	2.347	2.21	271.179	
3.713	-3.407	1.405	2.393	2.243	271.348	
3.733	-3.453	1.407	2.436	2.274	271.531	
3.753	-3.501	1.408	2.478	2.303	271.729	
3.773	-3.549	1.409	2.518	2.33	271.943	
3.793	-3.598	1.411	2.556	2.354	272.172	
3.813	-3.647	1.413	2.593	2.377	272.418	
3.833	-3.697	1.415	2.629	2.398	272.681	
3.853	-3.747	1.418	2.663	2.416	272.963	
3.873	-3.798	1.421	2.696	2.433	273.263	
3.893	-3.85	1.424	2.728	2.448	273.582	
3.913	-3.902	1.427	2.758	2.461	273.921	
3.933	-3.954	1.431	2.787	2.471	274.282	
3.953	-4.006	1.435	2.815	2.48	274.664	
3.973	-4.059	1.44	2.842	2.487	275.07	
3.993	-4.113	1.444	2.868	2.492	275.499	
4.013	-4.166	1.45	2.893	2.495	275.954	
4.033	-4.22	1.456	2.916	2.497	276.434	
4.053	-4.274	1.462	2.939	2.496	276.942	
4.073	-4.328	1.469	2.961	2.493	277.479	
4.093	-4.382	1.476	2.982	2.488	278.045	
4.113	-4.436	1.484	3.003	2.48	278.644	
4.133	-4.49	1.493	3.022	2.471	279.275	
4.153	-4.544	1.502	3.041	2.46	279.941	
4.173	-4.598	1.512	3.059	2.446	280.644	
4.193	-4.652	1.522	3.076	2.429	281.386	
4.213	-4.706	1.533	3.093	2.411	282.167	
4.233	-4.76	1.545	3.109	2.39	282.992	
4.253	-4.814	1.558	3.124	2.366	283.861	
4.273	-4.867	1.572	3.139	2.34	284.777	
4.293	-4.919	1.586	3.153	2.312	285.742	
4.313	-4.972	1.601	3.167	2.28	286.759	
4.333	-5.024	1.617	3.18	2.246	287.829	
4.353	-5.075	1.635	3.192	2.21	288.957	
4.373	-5.126	1.653	3.205	2.171	290.143	
4.393	-5.176	1.672	3.216	2.13	291.391	
4.413	-5.225	1.692	3.227	2.086	292.702	
4.433	-5.274	1.713	3.238	2.04	294.079	
4.453	-5.322	1.735	3.248	1.992	295.524	
4.473	-5.369	1.758	3.258	1.942	297.038	
4.493	-5.414	1.782	3.268	1.891	298.623	
4.513	-5.459	1.807	3.277	1.839	300.279	
4.533	-5.503	1.834	3.286	1.786	302.008	
4.553	-5.545	1.861	3.294	1.733	303.809	
4.573	-5.586	1.89	3.302	1.681	305.681	
4.593	-5.626	1.919	3.31	1.63	307.623	
4.613	-5.665	1.95	3.317	1.581	309.633	
4.633	-5.702	1.982	3.324	1.535	311.707	
4.653	-5.737	2.015	3.331	1.492	313.842	
4.673	-5.771	2.049	3.338	1.453	316.033	
4.693	-5.804	2.084	3.344	1.419	318.275	
4.713	-5.835	2.12	3.35	1.39	320.56	
4.733	-5.864	2.157	3.356	1.368	322.883	
4.753	-5.892	2.195	3.362	1.352	325.234	
4.773	-5.918	2.234	3.367	1.343	327.607	
4.793	-5.942	2.275	3.373	1.342	329.991	
4.813	-5.965	2.316	3.378	1.349	332.377	
4.833	-5.986	2.358	3.382	1.364	334.755	
4.853	-6.005	2.402	3.387	1.388	337.116	
4.873	-6.023	2.446	3.391	1.42	339.448	
4.893	-6.039	2.492	3.396	1.461	341.742	
4.913	-6.053	2.538	3.4	1.512	343.987	
4.933	-6.066	2.586	3.404	1.571	346.172	
4.953	-6.077	2.635	3.407	1.641	348.284	
4.973	-6.087	2.685	3.397	1.714	350.31	
4.993	-6.094	2.736	3.362	1.784	352.224	
5.013	-6.101	2.787	3.305	1.852	354.003	
5.033	-6.105	2.838	3.23	1.916	355.626	
5.053	-6.109	2.889	3.141	1.979	357.079	
5.073	-6.111	2.94	3.039	2.038	358.346	
5.093	-6.112	2.991	2.929	2.096	359.42	
5.113	-6.112	3.041	2.813	2.151	0.294	
5.133	-6.111	3.09	2.696	2.204	0.967	
5.153	-6.11	3.139	2.582	2.255	1.443	
5.173	-6.109	3.187	2.477	2.304	1.731	
5.193	-6.107	3.234	2.386	2.351	1.848	
5.213	-6.106	3.282	2.315	2.396	1.816	
5.233	-6.104	3.329	2.268	2.439	1.662	
5.253	-6.103	3.376	2.248	2.481	1.42	
5.273	-6.102	3.423	2.258	2.521	1.125	
5.293	-6.101	3.471	2.296	2.559	0.813	
5.313	-6.101	3.52	2.343	2.576	0.52	
5.333	-6.1	3.57	2.36	2.535	0.277	
5.353	-6.1	3.618	2.289	2.395	0.11	
5.373	-6.1	3.663	2.212	2.255	0.021	
5.393	-6.1	3.707	2.192	2.114	0.007	
5.413	-6.1	3.751	2.39	1.974	0.294	
5.433	-6.099	3.794	2.508	1.837	0.932	
5.453	-6.098	3.838	2.612	1.742	1.844	
5.473	-6.097	3.881	2.647	1.626	2.964	
5.493	-6.094	3.923	2.681	1.535	4.244	
5.513	-6.09	3.965	2.713	1.46	5.659	
5.533	-6.086	4.006	2.744	1.397	7.192	
5.553	-6.08	4.047	2.774	1.343	8.828	
5.573	-6.073	4.088	2.802	1.297	10.556	
5.593	-6.065	4.128	2.829	1.258	12.366	
5.613	-6.056	4.167	2.856	1.224	14.251	
5.633	-6.045	4.207	2.881	1.196	16.202	
5.653	-6.033	4.246	2.905	1.174	18.211	
5.673	-6.019	4.284	2.929	1.157	20.272	
5.693	-6.004	4.322	2.951	1.146	22.375	
5.713	-5.988	4.36	2.973	1.14	24.514	
5.733	-5.97	4.397	2.993	1.139	26.682	
5.753	-5.951	4.434	3.013	1.144	28.87	
5.773	-5.93	4.47	3.032	1.155	31.072	
5.793	-5.908	4.506	3.051	1.17	33.28	
5.813	-5.884	4.541	3.068	1.191	35.488	
5.833	-5.858	4.575	3.085	1.217	37.688	
5.853	-5.831	4.609	3.102	1.247	39.875	
5.873	-5.803	4.642	3.117	1.281	42.043	
5.893	-5.772	4.674	3.132	1.319	44.186	
5.913	-5.741	4.705	3.147	1.361	46.299	
5.933	-5.707	4.736	3.16	1.405	48.378	
5.953	-5.672	4.766	3.174	1.452	50.42	
5.973	-5.636	4.795	3.187	1.5	52.421	
5.993	-5.598	4.823	3.199	1.55	54.379	
6.013	-5.559	4.85	3.211	1.6	56.292	
6.033	-5.518	4.877	3.222	1.651	58.16	
6.053	-5.476	4.902	3.233	1.702	59.98	
6.073	-5.433	4.926	3.243	1.753	61.753	
6.093	-5.388	4.949	3.254	1.802	63.48	
6.113	-5.342	4.971	3.263	1.851	65.161	
6.133	-5.295	4.992	3.272	1.898	66.796	
6.153	-5.247	5.012	3.281	1.943	68.389	
6.173	-5.198	5.03	3.29	1.987	69.939	
6.193	-5.148	5.048	3.298	2.028	71.45	
6.213	-5.097	5.064	3.306	2.068	72.922	
6.233	-5.045	5.079	3.314	2.105	74.358	
6.253	-4.993	5.094	3.321	2.14	75.761	
6.273	-4.94	5.106	3.328	2.172	77.133	
6.293	-4.886	5.118	3.335	2.203	78.476	
6.313	-4.831	5.128	3.341	2.231	79.793	
6.333	-4.776	5.138	3.348	2.256	81.086	
6.353	-4.72	5.146	3.354	2.279	82.358	
6.373	-4.664	5.153	3.359	2.3	83.611	
6.393	-4.608	5.158	3.365	2.318	84.848	
6.413	-4.551	5.163	3.37	2.334	86.071	
6.433	-4.494	5.166	3.375	2.347	87.283	
6.453	-4.437	5.168	3.38	2.358	88.487	
6.473	-4.38	5.169	3.385	2.367	89.685	
6.493	-4.322	5.169	3.389	2.373	90.88	
6.513	-4.264	5.167	3.394	2.377	92.074	
6.533	-4.207	5.165	3.398	2.378	93.27	
6.553	-4.149	5.161	3.402	2.377	94.472	
6.573	-4.091	5.156	3.406	2.373	95.681	
6.593	-4.034	5.149	3.409	2.366	96.901	
6.613	-3.977	5.142	3.413	2.357	98.135	
6.633	-3.92	5.133	3.416	2.345	99.385	
6.653	-3.863	5.123	3.42	2.33	100.656	
6.673	-3.807	5.112	3.423	2.312	101.95	
6.693	-3.751	5.099	3.426	2.29	103.271	
6.713	-3.696	5.086	3.429	2.266	104.622	
6.733	-3.641	5.071	3.432	2.238	106.007	
6.753	-3.587	5.054	3.434	2.207	107.43	
6.773	-3.533	5.037	3.437	2.173	108.896	
6.793	-3.48	5.018	3.439	2.134	110.407	
6.813	-3.429	4.998	3.442	2.093	111.968	
6.833	-3.378	4.977	3.444	2.047	113.583	
6.853	-3.328	4.954	3.446	1.998	115.257	
6.873	-3.279	4.93	3.448	1.946	116.992	
6.893	-3.232	4.905	3.45	1.891	118.794	
6.913	-3.186	4.879	3.452	1.833	120.664	
6.933	-3.141	4.851	3.454	1.772	122.607	
6.953	-3.098	4.822	3.456	1.71	124.625	
6.973	-3.056	4.792	3.458	1.646	126.72	
6.993	-3.016	4.761	3.46	1.582	128.892	
7.013	-2.977	4.729	3.462	1.519	131.141	
7.033	-2.941	4.696	3.464	1.458	133.465	
7.053	-2.906	4.661	3.466	1.399	135.863	
7.073	-2.873	4.626	3.468	1.345	138.328	
7.093	-2.842	4.589	3.47	1.297	140.856	
7.113	-2.813	4.552	3.472	1.256	143.438	
7.133	-2.786	4.513	3.474	1.224	146.066	
7.153	-2.76	4.474	3.476	1.202	148.728	
7.173	-2.737	4.433	3.478	1.191	151.41	
7.193	-2.716	4.392	3.48	1.193	154.1	
7.213	-2.696	4.349	3.482	1.209	156.781	
7.233	-2.679	4.306	3.484	1.24	159.436	
7.253	-2.663	4.261	3.486	1.287	162.046	
7.273	-2.649	4.215	3.488	1.352	164.592	
7.293	-2.637	4.168	3.484	1.433	167.052	
7.313	-2.627	4.12	3.355	1.483	169.364	
7.333	-2.619	4.072	3.215	1.531	171.46	
7.353	-2.613	4.026	3.075	1.583	173.333	
7.373	-2.608	3.98	2.935	1.637	174.979	
7.393	-2.605	3.935	2.795	1.694	176.394	
7.413	-2.603	3.89	2.655	1.752	177.578	
7.433	-2.601	3.847	2.514	1.81	178.529	
7.453	-2.6	3.804	2.374	1.87	179.245	
7.473	-2.6	3.762	2.234	1.931	179.726	
7.493	-2.6	3.72	2.103	2.004	179.969	
7.513	-2.6	3.679	2.097	1.99	180.031	
7.533	-2.6	3.638	2.199	1.901	180.269	
7.553	-2.6	3.598	2.25	1.771	180.732	
7.573	-2.601	3.558	2.299	1.655	181.399	
7.593	-2.602	3.519	2.346	1.549	182.252	
7.613	-2.604	3.48	2.391	1.454	183.276	
7.633	-2.607	3.442	2.435	1.368	184.459	
7.653	-2.61	3.404	2.477	1.291	185.788	
7.673	-2.614	3.367	2.517	1.222	187.25	
7.693	-2.62	3.33	2.556	1.162	188.834	
7.713	-2.626	3.293	2.593	1.109	190.529	
7.733	-2.633	3.257	2.628	1.065	192.324	
7.753	-2.642	3.221	2.663	1.029	194.206	
7.773	-2.651	3.186	2.695	1.001	196.164	
7.793	-2.662	3.15	2.727	0.982	198.187	
7.813	-2.675	3.115	2.757	0.971	200.264	
7.833	-2.688	3.08	2.786	0.969	202.382	
7.853	-2.703	3.046	2.814	0.975	204.531	
7.873	-2.72	3.011	2.841	0.989	206.701	
7.893	-2.738	2.977	2.867	1.011	208.88	
7.913	-2.757	2.943	2.892	1.04	211.058	
7.933	-2.778	2.91	2.916	1.075	213.227	
7.953	-2.801	2.877	2.939	1.116	215.378	
7.973	-2.825	2.844	2.961	1.163	217.504	
7.993	-2.851	2.811	2.982	1.214	219.597	
8.013	-2.879	2.779	3.002	1.269	221.652	
8.033	-2.908	2.748	3.022	1.327	223.664	
8.053	-2.939	2.716	3.041	1.387	225.629	
8.073	-2.971	2.686	3.059	1.448	227.545	
8.093	-3.005	2.656	3.076	1.509	229.409	
8.113	-3.041	2.626	3.093	1.571	231.221	
8.133	-3.078	2.597	3.108	1.631	232.981	
8.153	-3.116	2.569	3.124	1.69	234.689	
8.173	-3.156	2.542	3.139	1.748	236.346	
8.193	-3.198	2.515	3.153	1.803	237.954	
8.213	-3.24	2.489	3.166	1.856	239.514	
8.233	-3.284	2.464	3.179	1.907	241.029	
8.253	-3.329	2.44	3.192	1.955	242.502	
8.273	-3.375	2.416	3.204	1.999	243.936	
8.293	-3.423	2.394	3.216	2.041	245.332	
8.313	-3.471	2.373	3.227	2.08	246.695	
8.333	-3.52	2.352	3.238	2.115	248.027	
8.353	-3.57	2.333	3.248	2.148	249.331	
8.373	-3.621	2.314	3.258	2.178	250.611	
8.393	-3.673	2.296	3.267	2.205	251.868	
8.413	-3.725	2.28	3.276	2.229	253.107	
8.433	-3.778	2.264	3.285	2.25	254.33	
8.453	-3.831	2.25	3.294	2.268	255.54	
8.473	-3.886	2.237	3.302	2.284	256.74	
8.493	-3.94	2.224	3.31	2.297	257.932	
8.513	-3.995	2.213	3.317	2.308	259.12	
8.533	-4.051	2.203	3.324	2.316	260.305	
8.553	-4.106	2.194	3.331	2.321	261.491	
8.573	-4.162	2.186	3.338	2.324	262.68	
8.593	-4.219	2.18	3.344	2.324	263.876	
8.613	-4.275	2.174	3.35	2.322	265.08	
8.633	-4.332	2.17	3.356	2.317	266.295	
8.653	-4.388	2.167	3.362	2.31	267.524	
8.673	-4.445	2.165	3.367	2.3	268.77	
8.693	-4.502	2.165	3.372	2.288	270.034	
8.713	-4.558	2.165	3.377	2.273	271.321	
8.733	-4.615	2.167	3.382	2.256	272.633	
8.753	-4.671	2.17	3.387	2.236	273.972	
8.773	-4.727	2.175	3.391	2.214	275.341	
8.793	-4.782	2.181	3.396	2.189	276.743	
8.813	-4.838	2.188	3.4	2.161	278.181	
8.833	-4.892	2.197	3.404	2.132	279.658	
8.853	-4.947	2.207	3.407	2.099	281.175	
8.873	-5	2.218	3.411	2.065	282.736	
8.893	-5.054	2.231	3.414	2.028	284.343	
8.913	-5.106	2.245	3.418	1.99	285.998	
8.933	-5.158	2.261	3.421	1.949	287.704	
8.953	-5.208	2.278	3.424	1.907	289.462	
8.973	-5.258	2.296	3.427	1.864	291.273	
8.993	-5.307	2.316	3.43	1.82	293.14	
9.013	-5.355	2.337	3.433	1.776	295.062	
9.033	-5.401	2.36	3.435	1.731	297.04	
9.053	-5.447	2.384	3.438	1.687	299.073	
9.073	-5.491	2.41	3.44	1.644	301.16	
9.093	-5.534	2.437	3.443	1.602	303.3	
9.113	-5.575	2.465	3.445	1.563	305.49	
9.133	-5.615	2.495	3.447	1.526	307.727	
9.153	-5.654	2.526	3.449	1.493	310.007	
9.173	-5.691	2.559	3.451	1.465	312.326	
9.193	-5.726	2.593	3.453	1.44	314.678	
9.213	-5.76	2.628	3.455	1.422	317.058	
9.233	-5.793	2.664	3.457	1.409	319.458	
9.253	-5.824	2.702	3.459	1.402	321.872	
9.273	-5.853	2.74	3.461	1.401	324.292	
9.293	-5.881	2.781	3.463	1.408	326.71	
9.313	-5.906	2.822	3.465	1.421	329.119	
9.333	-5.931	2.864	3.467	1.442	331.51	
9.353	-5.953	2.908	3.469	1.469	333.875	
9.373	-5.974	2.953	3.471	1.504	336.205	
9.393	-5.993	2.999	3.473	1.545	338.493	
9.413	-6.011	3.046	3.4	1.561	340.72	
9.433	-6.026	3.093	3.26	1.545	342.812	
9.453	-6.039	3.138	3.12	1.528	344.76	
9.473	-6.051	3.182	2.98	1.509	346.563	
9.493	-6.06	3.225	2.84	1.487	348.227	
9.513	-6.068	3.267	2.699	1.461	349.753	
9.533	-6.075	3.307	2.559	1.432	351.147	
9.553	-6.081	3.346	2.419	1.398	352.413	
9.573	-6.085	3.383	2.278	1.36	353.556	
9.593	-6.089	3.418	2.138	1.317	354.582	
9.613	-6.092	3.452	1.998	1.27	355.496	
9.633	-6.094	3.484	1.857	1.218	356.303	
9.653	-6.096	3.514	1.717	1.161	357.009	
9.673	-6.097	3.541	1.576	1.099	357.62	
9.693	-6.098	3.567	1.436	1.031	358.142	
9.713	-6.099	3.591	1.295	0.958	358.581	
9.733	-6.099	3.612	1.154	0.879	358.944	
9.753	-6.1	3.632	1.013	0.793	359.239	
9.773	-6.1	3.649	0.871	0.7	359.472	
9.793	-6.1	3.664	0.73	0.6	359.65	
9.813	-6.1	3.676	0.59	0.495	359.782	
9.833	-6.1	3.685	0.45	0.384	359.875	
9.853	-6.1	3.692	0.31	0.268	359.938	
9.873	-6.1	3.697	0.175	0.153	359.975	
9.893	-6.1	3.699	0.077	0.068	359.993	
9.913	-6.1	3.7	0.018	0.016	359.999	
