0	-5	0.45	0	0	0	
0.026	-5	0.45	0.021	0.033	359.994	
0.046	-5	0.451	0.064	0.099	359.969	
0.066	-5	0.454	0.129	0.204	359.907	
0.086	-5	0.458	0.202	0.331	359.79	
0.106	-5	0.464	0.264	0.455	359.603	
0.126	-5	0.472	0.311	0.574	359.339	
0.146	-5	0.482	0.346	0.688	358.985	
0.166	-5	0.493	0.37	0.798	358.533	
0.186	-5.001	0.505	0.386	0.904	357.978	
0.206	-5.001	0.518	0.394	1.006	357.314	
0.226	-5.002	0.533	0.399	1.104	356.54	
0.246	-5.003	0.548	0.402	1.198	355.659	
0.266	-5.005	0.565	0.405	1.288	354.672	
0.286	-5.006	0.582	0.41	1.375	353.586	
0.306	-5.009	0.6	0.417	1.458	352.407	
0.326	-5.011	0.619	0.427	1.538	351.143	
0.346	-5.015	0.639	0.44	1.615	349.8	
0.366	-5.019	0.659	0.458	1.689	348.387	
0.386	-5.023	0.681	0.479	1.76	346.912	
0.406	-5.029	0.703	0.503	1.828	345.382	
0.426	-5.035	0.726	0.531	1.894	343.804	
0.446	-5.042	0.75	0.56	1.957	342.184	
0.466	-5.051	0.774	0.592	2.017	340.528	
0.486	-5.06	0.799	0.623	2.075	338.839	
0.506	-5.07	0.824	0.655	2.131	337.12	
0.526	-5.081	0.85	0.686	2.185	335.374	
0.546	-5.094	0.876	0.716	2.236	333.602	
0.566	-5.108	0.903	0.744	2.286	331.804	
0.586	-5.123	0.93	0.769	2.334	329.98	
0.606	-5.139	0.956	0.79	2.379	328.128	
0.626	-5.156	0.983	0.808	2.423	326.246	
0.646	-5.175	1.01	0.823	2.466	324.333	
0.666	-5.194	1.037	0.834	2.506	322.386	
0.686	-5.215	1.063	0.84	2.545	320.402	
0.706	-5.237	1.089	0.844	2.583	318.379	
0.726	-5.261	1.114	0.844	2.619	316.314	
0.746	-5.285	1.139	0.841	2.653	314.206	
0.766	-5.311	1.163	0.835	2.686	312.053	
0.786	-5.338	1.186	0.828	2.718	309.854	
0.806	-5.365	1.208	0.82	2.749	307.609	
0.826	-5.394	1.23	0.813	2.778	305.32	
0.846	-5.424	1.25	0.807	2.807	302.989	
0.866	-5.455	1.269	0.803	2.834	300.62	
0.886	-5.487	1.287	0.803	2.86	298.217	
0.906	-5.519	1.303	0.809	2.885	295.788	
0.926	-5.553	1.319	0.821	2.909	293.34	
0.946	-5.588	1.333	0.843	2.933	290.885	
0.966	-5.624	1.346	0.874	2.955	288.435	
0.986	-5.66	1.357	0.882	2.849	286.043	
1.006	-5.695	1.366	0.884	2.709	283.809	
1.026	-5.73	1.374	0.891	2.568	281.746	
1.046	-5.763	1.381	0.902	2.428	279.857	
1.066	-5.795	1.386	0.914	2.288	278.147	
1.086	-5.826	1.39	0.926	2.148	276.616	
1.106	-5.856	1.393	0.937	2.007	275.263	
1.126	-5.885	1.395	0.944	1.867	274.086	
1.146	-5.913	1.397	0.947	1.727	273.079	
1.166	-5.939	1.398	0.943	1.586	272.237	
1.186	-5.963	1.399	0.93	1.446	271.551	
1.206	-5.986	1.399	0.908	1.305	271.01	
1.226	-6.008	1.4	0.874	1.164	270.602	
1.246	-6.027	1.4	0.825	1.023	270.311	
1.266	-6.045	1.4	0.76	0.882	270.121	
1.286	-6.06	1.4	0.679	0.742	270.012	
1.306	-6.073	1.4	0.581	0.602	269.964	
1.326	-6.084	1.4	0.462	0.458	269.956	
1.346	-6.091	1.4	0.322	0.308	269.968	
1.366	-6.096	1.4	0.186	0.174	269.984	
1.386	-6.099	1.4	0.084	0.078	269.995	
1.406	-6.1	1.4	0.022	0.02	269.999	
1.426	-6.1	1.4	0	0	270	
1.465	-6.099	1.4	-0.07	-0.07	270	
1.485	-6.097	1.4	-0.161	-0.161	270	
1.505	-6.093	1.4	-0.285	-0.285	270	
1.525	-6.086	1.4	-0.41	-0.41	270	
1.545	-6.076	1.4	-0.53	-0.53	270	
1.565	-6.065	1.4	-0.646	-0.646	270	
1.585	-6.051	1.4	-0.758	-0.758	270	
1.605	-6.034	1.4	-0.865	-0.865	270	
1.625	-6.016	1.4	-0.968	-0.968	270	
1.645	-5.996	1.4	-1.067	-1.067	270	
1.665	-5.974	1.4	-1.163	-1.163	270	
1.685	-5.949	1.4	-1.254	-1.254	270	
1.705	-5.923	1.4	-1.342	-1.342	270	
1.725	-5.896	1.4	-1.427	-1.427	270	
1.745	-5.867	1.4	-1.508	-1.508	270	
1.765	-5.836	1.4	-1.586	-1.586	270	
1.785	-5.803	1.4	-1.661	-1.661	270	
1.805	-5.769	1.4	-1.733	-1.733	270	
1.825	-5.734	1.4	-1.803	-1.803	270	
1.845	-5.697	1.4	-1.869	-1.869	270	
1.865	-5.659	1.4	-1.933	-1.933	270	
1.885	-5.62	1.4	-1.995	-1.995	270	
1.905	-5.58	1.4	-2.054	-2.054	270	
1.925	-5.538	1.4	-2.11	-2.11	270	
1.945	-5.495	1.4	-2.165	-2.165	270	
1.965	-5.451	1.4	-2.217	-2.217	270	
1.985	-5.407	1.4	-2.268	-2.268	270	
2.005	-5.361	1.4	-2.316	-2.316	270	
2.025	-5.314	1.4	-2.362	-2.362	270	
2.045	-5.266	1.4	-2.407	-2.407	270	
2.065	-5.218	1.4	-2.45	-2.45	270	
2.085	-5.168	1.4	-2.491	-2.491	270	
2.105	-5.118	1.4	-2.531	-2.531	270	
2.125	-5.067	1.4	-2.569	-2.569	270	
2.145	-5.015	1.4	-2.605	-2.605	270	
2.165	-4.963	1.4	-2.64	-2.64	270	
2.185	-4.91	1.4	-2.674	-2.674	270	
2.205	-4.856	1.4	-2.706	-2.706	270	
2.225	-4.802	1.4	-2.738	-2.738	270	
2.245	-4.747	1.4	-2.767	-2.767	270	
2.265	-4.691	1.4	-2.796	-2.796	270	
2.285	-4.635	1.4	-2.824	-2.824	270	
2.305	-4.578	1.4	-2.85	-2.85	270	
2.325	-4.521	1.4	-2.876	-2.876	270	
2.345	-4.463	1.4	-2.9	-2.9	270	
2.365	-4.405	1.4	-2.924	-2.924	270	
2.385	-4.346	1.4	-2.947	-2.947	270	
2.405	-4.287	1.4	-2.968	-2.968	270	
2.425	-4.227	1.4	-2.989	-2.989	270	
2.445	-4.168	1.4	-3.009	-3.009	270	
2.465	-4.107	1.4	-3.028	-3.028	270	
2.485	-4.046	1.4	-3.047	-3.047	270	
2.505	-3.985	1.4	-3.065	-3.065	270	
2.525	-3.925	1.4	-2.954	-2.954	270	
2.545	-3.867	1.4	-2.814	-2.814	270	
2.565	-3.812	1.4	-2.674	-2.674	270	
2.585	-3.76	1.4	-2.534	-2.534	270	
2.605	-3.711	1.4	-2.393	-2.393	270	
2.625	-3.664	1.4	-2.253	-2.253	270	
2.645	-3.62	1.4	-2.113	-2.113	270	
2.665	-3.579	1.4	-1.972	-1.972	270	
2.685	-3.541	1.4	-1.832	-1.832	270	
2.705	-3.506	1.4	-1.691	-1.691	270	
2.725	-3.473	1.4	-1.551	-1.551	270	
2.745	-3.443	1.4	-1.41	-1.41	270	
2.765	-3.417	1.4	-1.269	-1.269	270	
2.785	-3.392	1.4	-1.128	-1.128	270	
2.805	-3.371	1.4	-0.987	-0.987	270	
2.825	-3.352	1.4	-0.845	-0.845	270	
2.845	-3.337	1.4	-0.702	-0.702	270	
2.865	-3.324	1.4	-0.56	-0.56	270	
2.885	-3.314	1.4	-0.42	-0.42	270	
2.905	-3.307	1.4	-0.28	-0.28	270	
2.925	-3.303	1.4	-0.151	-0.151	270	
2.945	-3.301	1.4	-0.061	-0.061	270	
2.965	-3.3	1.4	-0.011	-0.011	270	
2.965	-3.3	1.4	0	0	270	
2.996	-3.3	1.4	0.044	0.043	270	
3.016	-3.302	1.4	0.127	0.117	270.005	
3.036	-3.305	1.4	0.255	0.203	270.037	
3.056	-3.311	1.4	0.382	0.241	270.148	
3.076	-3.318	1.4	0.504	0.239	270.385	
3.096	-3.326	1.4	0.622	0.215	270.781	
3.116	-3.334	1.4	0.734	0.183	271.346	
3.136	-3.344	1.401	0.843	0.155	272.076	
3.156	-3.354	1.401	0.947	0.137	272.957	
3.176	-3.366	1.402	1.047	0.135	273.97	
3.196	-3.378	1.403	1.143	0.15	275.09	
3.216	-3.391	1.404	1.235	0.185	276.289	
3.236	-3.406	1.406	1.324	0.241	277.54	
3.256	-3.422	1.408	1.409	0.318	278.814	
3.276	-3.44	1.411	1.491	0.412	280.085	
3.296	-3.46	1.415	1.57	0.523	281.329	
3.316	-3.481	1.419	1.634	0.639	282.524	
3.336	-3.504	1.425	1.676	0.752	283.647	
3.356	-3.528	1.431	1.711	0.86	284.685	
3.376	-3.554	1.438	1.746	0.963	285.64	
3.396	-3.58	1.445	1.784	1.063	286.52	
3.416	-3.608	1.454	1.824	1.158	287.33	
3.436	-3.637	1.463	1.867	1.25	288.08	
3.456	-3.667	1.473	1.913	1.339	288.777	
3.476	-3.699	1.484	1.96	1.423	289.427	
3.496	-3.731	1.496	2.009	1.505	290.036	
3.516	-3.765	1.508	2.059	1.583	290.61	
3.536	-3.799	1.521	2.11	1.658	291.153	
3.556	-3.835	1.535	2.161	1.731	291.67	
3.576	-3.871	1.55	2.213	1.8	292.165	
3.596	-3.909	1.566	2.263	1.866	292.639	
3.616	-3.948	1.582	2.312	1.928	293.097	
3.636	-3.987	1.599	2.358	1.986	293.541	
3.656	-4.027	1.616	2.403	2.04	293.972	
3.676	-4.068	1.635	2.446	2.091	294.392	
3.696	-4.11	1.654	2.488	2.139	294.805	
3.716	-4.152	1.674	2.527	2.184	295.211	
3.736	-4.195	1.694	2.565	2.226	295.611	
3.756	-4.238	1.715	2.602	2.265	296.008	
3.776	-4.282	1.737	2.637	2.302	296.403	
3.796	-4.327	1.759	2.671	2.336	296.797	
3.816	-4.372	1.782	2.704	2.367	297.192	
3.836	-4.417	1.805	2.735	2.396	297.588	
3.856	-4.463	1.829	2.765	2.423	297.988	
3.876	-4.509	1.854	2.794	2.448	298.391	
3.896	-4.555	1.879	2.822	2.471	298.801	
3.916	-4.601	1.905	2.848	2.491	299.216	
3.936	-4.648	1.931	2.874	2.51	299.64	
3.956	-4.695	1.958	2.898	2.526	300.073	
3.976	-4.742	1.986	2.922	2.54	300.516	
3.996	-4.789	2.014	2.945	2.552	300.971	
4.016	-4.836	2.042	2.966	2.562	301.439	
4.036	-4.883	2.071	2.987	2.57	301.923	
4.056	-4.93	2.101	3.007	2.575	302.423	
4.076	-4.977	2.131	3.027	2.578	302.941	
4.096	-5.024	2.162	3.045	2.579	303.479	
4.116	-5.071	2.193	3.063	2.577	304.039	
4.136	-5.118	2.225	3.08	2.573	304.623	
4.156	-5.164	2.257	3.097	2.565	305.234	
4.176	-5.21	2.29	3.113	2.555	305.874	
4.196	-5.256	2.324	3.128	2.542	306.547	
4.216	-5.301	2.358	3.142	2.526	307.254	
4.236	-5.346	2.392	3.156	2.506	308	
4.256	-5.391	2.428	3.17	2.482	308.787	
4.276	-5.434	2.463	3.183	2.454	309.621	
4.296	-5.478	2.499	3.195	2.422	310.504	
4.316	-5.52	2.536	3.207	2.386	311.443	
4.336	-5.561	2.574	3.219	2.344	312.441	
4.356	-5.602	2.611	3.23	2.298	313.504	
4.376	-5.642	2.65	3.24	2.246	314.638	
4.396	-5.68	2.688	3.251	2.189	315.849	
4.416	-5.717	2.728	3.26	2.126	317.142	
4.436	-5.753	2.767	3.27	2.057	318.524	
4.456	-5.788	2.808	3.279	1.983	320.001	
4.476	-5.821	2.848	3.288	1.905	321.578	
4.496	-5.852	2.889	3.296	1.822	323.26	
4.516	-5.882	2.93	3.304	1.736	325.052	
4.536	-5.91	2.972	3.312	1.648	326.955	
4.556	-5.936	3.013	3.319	1.561	328.97	
4.576	-5.96	3.055	3.326	1.475	331.096	
4.596	-5.983	3.097	3.333	1.395	333.328	
4.616	-6.003	3.14	3.34	1.322	335.657	
4.636	-6.021	3.182	3.346	1.262	338.072	
4.656	-6.037	3.225	3.352	1.216	340.556	
4.676	-6.051	3.268	3.267	1.158	343.068	
4.696	-6.063	3.31	3.127	1.107	345.499	
4.716	-6.073	3.35	2.986	1.079	347.813	
4.736	-6.08	3.39	2.846	1.072	349.983	
4.756	-6.086	3.428	2.706	1.084	351.986	
4.776	-6.091	3.465	2.566	1.112	353.802	
4.796	-6.094	3.501	2.426	1.155	355.411	
4.816	-6.097	3.536	2.285	1.21	356.797	
4.836	-6.098	3.571	2.145	1.276	357.949	
4.856	-6.099	3.605	2.005	1.35	358.853	
4.876	-6.1	3.638	1.864	1.431	359.501	
4.896	-6.1	3.671	1.727	1.521	359.885	
4.916	-6.1	3.703	1.648	1.612	0.002	
4.936	-6.1	3.736	1.784	1.472	0.199	
4.956	-6.1	3.768	1.898	1.332	0.71	
4.976	-6.099	3.8	1.995	1.199	1.505	
4.996	-6.098	3.832	2.075	1.081	2.563	
5.016	-6.096	3.863	2.131	0.96	3.844	
5.036	-6.094	3.894	2.185	0.855	5.322	
5.056	-6.091	3.924	2.237	0.765	6.975	
5.076	-6.086	3.953	2.286	0.687	8.786	
5.096	-6.081	3.983	2.334	0.621	10.739	
5.116	-6.075	4.012	2.38	0.566	12.816	
5.136	-6.068	4.04	2.424	0.523	15.003	
5.156	-6.06	4.068	2.466	0.491	17.284	
5.176	-6.051	4.097	2.507	0.47	19.644	
5.196	-6.04	4.125	2.546	0.461	22.067	
5.216	-6.028	4.152	2.583	0.463	24.538	
5.236	-6.015	4.18	2.619	0.477	27.043	
5.256	-6	4.207	2.654	0.502	29.565	
5.276	-5.984	4.235	2.687	0.537	32.091	
5.296	-5.966	4.262	2.719	0.583	34.607	
5.316	-5.946	4.289	2.749	0.638	37.1	
5.336	-5.925	4.316	2.779	0.702	39.558	
5.356	-5.902	4.343	2.807	0.773	41.971	
5.376	-5.877	4.369	2.834	0.85	44.328	
5.396	-5.85	4.395	2.86	0.932	46.622	
5.416	-5.822	4.421	2.885	1.018	48.848	
5.436	-5.792	4.447	2.909	1.106	51	
5.456	-5.76	4.472	2.933	1.195	53.076	
5.476	-5.726	4.496	2.955	1.284	55.075	
5.496	-5.69	4.52	2.976	1.37	56.996	
5.516	-5.653	4.544	2.994	1.454	58.84	
5.536	-5.614	4.566	3.012	1.534	60.609	
5.556	-5.574	4.588	3.03	1.612	62.307	
5.576	-5.532	4.609	3.048	1.685	63.938	
5.596	-5.489	4.63	3.066	1.754	65.506	
5.616	-5.444	4.649	3.083	1.818	67.018	
5.636	-5.399	4.668	3.099	1.878	68.476	
5.656	-5.352	4.686	3.115	1.932	69.886	
5.676	-5.304	4.703	3.13	1.982	71.253	
5.696	-5.255	4.719	3.145	2.027	72.582	
5.716	-5.205	4.734	3.159	2.067	73.879	
5.736	-5.155	4.748	3.172	2.103	75.146	
5.756	-5.103	4.761	3.185	2.134	76.391	
5.776	-5.051	4.773	3.197	2.161	77.616	
5.796	-4.999	4.784	3.209	2.183	78.827	
5.816	-4.946	4.793	3.221	2.201	80.029	
5.836	-4.892	4.802	3.232	2.214	81.226	
5.856	-4.838	4.81	3.242	2.223	82.422	
5.876	-4.784	4.817	3.252	2.228	83.622	
5.896	-4.729	4.822	3.262	2.228	84.832	
5.916	-4.674	4.827	3.271	2.224	86.054	
5.936	-4.619	4.83	3.28	2.215	87.296	
5.956	-4.565	4.832	3.289	2.202	88.561	
5.976	-4.51	4.833	3.297	2.183	89.855	
5.996	-4.455	4.832	3.305	2.16	91.183	
6.016	-4.4	4.83	3.313	2.131	92.552	
6.036	-4.346	4.827	3.32	2.096	93.967	
6.056	-4.292	4.823	3.327	2.056	95.435	
6.076	-4.239	4.817	3.334	2.01	96.961	
6.096	-4.186	4.81	3.34	1.957	98.554	
6.116	-4.134	4.801	3.347	1.899	100.22	
6.136	-4.083	4.791	3.353	1.834	101.966	
6.156	-4.033	4.78	3.359	1.763	103.799	
6.176	-3.984	4.767	3.364	1.685	105.726	
6.196	-3.936	4.752	3.369	1.603	107.755	
6.216	-3.889	4.736	3.375	1.515	109.89	
6.236	-3.844	4.719	3.379	1.423	112.137	
6.256	-3.8	4.7	3.384	1.328	114.5	
6.276	-3.758	4.68	3.389	1.233	116.98	
6.296	-3.718	4.658	3.393	1.137	119.579	
6.316	-3.679	4.635	3.397	1.044	122.293	
6.336	-3.642	4.611	3.401	0.956	125.119	
6.356	-3.608	4.585	3.405	0.875	128.049	
6.376	-3.575	4.558	3.409	0.803	131.073	
6.396	-3.544	4.53	3.413	0.742	134.18	
6.416	-3.515	4.5	3.416	0.695	137.352	
6.436	-3.489	4.469	3.419	0.664	140.574	
6.456	-3.464	4.437	3.422	0.65	143.825	
6.476	-3.44	4.403	3.425	0.654	147.085	
6.496	-3.419	4.368	3.428	0.677	150.331	
6.516	-3.4	4.332	3.431	0.721	153.539	
6.536	-3.382	4.294	3.434	0.785	156.686	
6.556	-3.366	4.255	3.437	0.871	159.747	
6.576	-3.352	4.213	3.422	0.972	162.694	
6.596	-3.34	4.171	3.345	1.072	165.468	
6.616	-3.33	4.128	3.231	1.167	168.013	
6.636	-3.322	4.085	3.102	1.259	170.304	
6.656	-3.315	4.042	2.97	1.347	172.335	
6.676	-3.31	3.999	2.84	1.432	174.11	
6.696	-3.307	3.957	2.714	1.513	175.637	
6.716	-3.304	3.915	2.592	1.591	176.925	
6.736	-3.302	3.874	2.473	1.666	177.981	
6.756	-3.301	3.832	2.356	1.739	178.812	
6.776	-3.3	3.792	2.239	1.808	179.423	
6.796	-3.3	3.751	2.12	1.874	179.815	
6.816	-3.3	3.712	1.999	1.938	179.99	
6.836	-3.3	3.673	2.003	1.88	180.053	
6.856	-3.3	3.634	2.062	1.771	180.302	
6.876	-3.3	3.596	2.118	1.671	180.74	
6.896	-3.301	3.558	2.172	1.577	181.358	
6.916	-3.302	3.521	2.225	1.487	182.147	
6.936	-3.304	3.484	2.275	1.399	183.1	
6.956	-3.306	3.448	2.323	1.313	184.213	
6.976	-3.309	3.412	2.369	1.229	185.48	
6.996	-3.313	3.376	2.413	1.147	186.899	
7.016	-3.318	3.341	2.456	1.066	188.465	
7.036	-3.324	3.306	2.497	0.988	190.173	
7.056	-3.33	3.272	2.537	0.913	192.018	
7.076	-3.338	3.239	2.574	0.842	193.995	
7.096	-3.347	3.206	2.611	0.775	196.096	
7.116	-3.357	3.174	2.646	0.715	198.314	
7.136	-3.368	3.142	2.679	0.66	200.639	
7.156	-3.38	3.111	2.711	0.614	203.062	
7.176	-3.394	3.081	2.742	0.575	205.572	
7.196	-3.409	3.051	2.772	0.546	208.157	
7.216	-3.425	3.022	2.801	0.526	210.803	
7.236	-3.443	2.994	2.828	0.517	213.499	
7.256	-3.462	2.967	2.855	0.519	216.231	
7.276	-3.483	2.94	2.88	0.531	218.983	
7.296	-3.505	2.914	2.904	0.555	221.743	
7.316	-3.529	2.888	2.928	0.589	224.497	
7.336	-3.554	2.863	2.95	0.633	227.231	
7.356	-3.582	2.84	2.972	0.687	229.932	
7.376	-3.61	2.816	2.992	0.749	232.59	
7.396	-3.641	2.794	3.012	0.819	235.193	
7.416	-3.673	2.773	3.031	0.896	237.732	
7.436	-3.707	2.752	3.05	0.978	240.2	
7.456	-3.743	2.733	3.067	1.064	242.59	
7.476	-3.781	2.714	3.084	1.152	244.898	
7.496	-3.82	2.697	3.101	1.241	247.121	
7.516	-3.861	2.68	3.115	1.33	249.258	
7.536	-3.903	2.665	3.124	1.415	251.306	
7.556	-3.946	2.651	3.131	1.497	253.266	
7.576	-3.991	2.639	3.138	1.576	255.139	
7.596	-4.038	2.627	3.146	1.651	256.932	
7.616	-4.085	2.617	3.156	1.724	258.648	
7.636	-4.133	2.608	3.169	1.794	260.294	
7.656	-4.183	2.6	3.182	1.859	261.877	
7.676	-4.233	2.594	3.194	1.92	263.4	
7.696	-4.284	2.589	3.206	1.976	264.869	
7.716	-4.336	2.585	3.218	2.027	266.29	
7.736	-4.389	2.582	3.229	2.074	267.666	
7.756	-4.442	2.58	3.24	2.115	269.004	
7.776	-4.496	2.58	3.25	2.152	270.308	
7.796	-4.55	2.581	3.26	2.185	271.583	
7.816	-4.605	2.583	3.269	2.213	272.834	
7.836	-4.659	2.586	3.278	2.236	274.067	
7.856	-4.715	2.591	3.287	2.255	275.284	
7.876	-4.77	2.596	3.295	2.269	276.493	
7.896	-4.825	2.603	3.303	2.279	277.697	
7.916	-4.88	2.611	3.311	2.285	278.901	
7.936	-4.936	2.621	3.318	2.286	280.11	
7.956	-4.991	2.631	3.326	2.282	281.33	
7.976	-5.046	2.643	3.332	2.273	282.565	
7.996	-5.1	2.655	3.339	2.26	283.822	
8.016	-5.154	2.669	3.345	2.24	285.106	
8.036	-5.208	2.685	3.351	2.216	286.423	
8.056	-5.261	2.701	3.357	2.185	287.781	
8.076	-5.313	2.718	3.363	2.148	289.184	
8.096	-5.365	2.737	3.368	2.104	290.642	
8.116	-5.416	2.757	3.373	2.053	292.162	
8.136	-5.466	2.778	3.378	1.995	293.753	
8.156	-5.514	2.8	3.383	1.929	295.422	
8.176	-5.562	2.824	3.388	1.856	297.179	
8.196	-5.607	2.848	3.392	1.774	299.034	
8.216	-5.652	2.874	3.396	1.684	300.994	
8.236	-5.695	2.901	3.4	1.587	303.07	
8.256	-5.735	2.928	3.404	1.484	305.268	
8.276	-5.774	2.957	3.408	1.375	307.597	
8.296	-5.811	2.987	3.412	1.263	310.061	
8.316	-5.846	3.017	3.415	1.149	312.662	
8.336	-5.878	3.049	3.418	1.036	315.401	
8.356	-5.909	3.081	3.422	0.928	318.274	
8.376	-5.936	3.113	3.425	0.828	321.273	
8.396	-5.962	3.147	3.428	0.739	324.386	
8.416	-5.985	3.181	3.376	0.652	327.588	
8.436	-6.005	3.215	3.236	0.576	330.757	
8.456	-6.022	3.248	3.096	0.523	333.837	
8.476	-6.037	3.28	2.956	0.493	336.802	
8.496	-6.05	3.311	2.816	0.481	339.627	
8.516	-6.06	3.342	2.675	0.485	342.292	
8.536	-6.069	3.372	2.535	0.502	344.781	
8.556	-6.076	3.4	2.395	0.527	347.081	
8.576	-6.082	3.429	2.254	0.558	349.183	
8.596	-6.087	3.456	2.114	0.593	351.082	
8.616	-6.09	3.482	1.974	0.628	352.775	
8.636	-6.093	3.507	1.833	0.66	354.263	
8.656	-6.096	3.532	1.693	0.689	355.55	
8.676	-6.097	3.555	1.552	0.711	356.641	
8.696	-6.098	3.577	1.412	0.724	357.546	
8.716	-6.099	3.598	1.271	0.725	358.278	
8.736	-6.099	3.617	1.131	0.714	358.849	
8.756	-6.1	3.635	0.99	0.687	359.277	
8.776	-6.1	3.651	0.849	0.642	359.58	
8.796	-6.1	3.665	0.707	0.578	359.781	
8.816	-6.1	3.677	0.566	0.492	359.901	
8.836	-6.1	3.686	0.426	0.391	359.963	
8.856	-6.1	3.693	0.286	0.273	359.99	
8.876	-6.1	3.697	0.156	0.153	359.998	
8.896	-6.1	3.699	0.064	0.064	360	
8.916	-6.1	3.7	0.013	0.013	360	
