0	-1	1	0	0	270	
0.028	-1	1	0.036	0.036	270	
0.048	-1.002	1	0.106	0.106	270	
0.068	-1.005	1	0.194	0.2	270.004	
0.088	-1.009	1	0.272	0.291	270.019	
0.108	-1.016	1	0.339	0.379	270.059	
0.128	-1.024	1	0.392	0.465	270.135	
0.148	-1.033	1	0.433	0.548	270.261	
0.168	-1.043	1	0.463	0.628	270.45	
0.188	-1.055	1	0.483	0.706	270.713	
0.208	-1.067	1	0.495	0.781	271.058	
0.228	-1.08	1.001	0.501	0.854	271.492	
0.248	-1.094	1.001	0.503	0.924	272.017	
0.268	-1.108	1.002	0.501	0.992	272.637	
0.288	-1.124	1.003	0.497	1.058	273.352	
0.308	-1.139	1.004	0.493	1.122	274.16	
0.328	-1.156	1.005	0.488	1.183	275.059	
0.348	-1.173	1.007	0.484	1.243	276.045	
0.368	-1.19	1.009	0.482	1.301	277.116	
0.388	-1.208	1.011	0.482	1.356	278.264	
0.408	-1.226	1.014	0.484	1.41	279.486	
0.428	-1.245	1.017	0.488	1.462	280.775	
0.448	-1.265	1.021	0.495	1.513	282.126	
0.468	-1.285	1.026	0.505	1.562	283.532	
0.488	-1.305	1.031	0.518	1.609	284.987	
0.508	-1.326	1.037	0.534	1.654	286.486	
0.528	-1.347	1.043	0.553	1.698	288.021	
0.548	-1.368	1.051	0.574	1.741	289.588	
0.568	-1.39	1.059	0.598	1.782	291.182	
0.588	-1.413	1.068	0.623	1.822	292.797	
0.608	-1.436	1.078	0.651	1.861	294.429	
0.628	-1.459	1.089	0.679	1.898	296.075	
0.648	-1.482	1.1	0.709	1.934	297.731	
0.668	-1.505	1.113	0.738	1.969	299.395	
0.688	-1.529	1.127	0.768	2.003	301.066	
0.708	-1.553	1.142	0.797	2.036	302.741	
0.728	-1.577	1.158	0.825	2.067	304.421	
0.748	-1.6	1.174	0.852	2.098	306.106	
0.768	-1.624	1.192	0.877	2.128	307.798	
0.788	-1.648	1.211	0.899	2.156	309.497	
0.808	-1.671	1.231	0.919	2.184	311.205	
0.828	-1.694	1.252	0.936	2.211	312.926	
0.848	-1.717	1.274	0.949	2.237	314.663	
0.868	-1.74	1.297	0.959	2.262	316.418	
0.888	-1.762	1.321	0.965	2.286	318.197	
0.908	-1.783	1.345	0.967	2.309	320.003	
0.928	-1.804	1.371	0.964	2.332	321.84	
0.948	-1.824	1.397	0.958	2.354	323.714	
0.968	-1.843	1.424	0.949	2.375	325.627	
0.988	-1.861	1.452	0.936	2.396	327.585	
1.008	-1.879	1.48	0.919	2.415	329.59	
1.028	-1.895	1.509	0.901	2.435	331.646	
1.048	-1.91	1.539	0.881	2.453	333.753	
1.068	-1.924	1.569	0.861	2.471	335.912	
1.088	-1.937	1.599	0.807	2.386	338.083	
1.108	-1.948	1.629	0.755	2.286	340.195	
1.128	-1.958	1.657	0.71	2.186	342.237	
1.148	-1.966	1.684	0.672	2.086	344.2	
1.168	-1.973	1.71	0.641	1.986	346.074	
1.188	-1.979	1.735	0.617	1.886	347.85	
1.208	-1.984	1.759	0.599	1.786	349.519	
1.228	-1.988	1.782	0.587	1.685	351.073	
1.248	-1.991	1.804	0.579	1.585	352.505	
1.268	-1.993	1.825	0.575	1.485	353.81	
1.288	-1.995	1.845	0.573	1.385	354.983	
1.308	-1.997	1.864	0.573	1.284	356.021	
1.328	-1.998	1.882	0.572	1.184	356.924	
1.348	-1.999	1.899	0.569	1.083	357.694	
1.368	-1.999	1.915	0.563	0.983	358.333	
1.388	-2	1.93	0.551	0.882	358.848	
1.408	-2	1.944	0.531	0.782	359.247	
1.428	-2	1.956	0.502	0.681	359.542	
1.448	-2	1.968	0.46	0.581	359.746	
1.468	-2	1.977	0.408	0.481	359.876	
1.488	-2	1.985	0.343	0.381	359.95	
1.508	-2	1.992	0.265	0.281	359.985	
1.528	-2	1.996	0.176	0.181	359.998	
1.548	-2	1.999	0.084	0.084	0	
1.568	-2	2	0.022	0.022	0	
1.588	-2	2	0	0	0	
1.588	-2	2	0	0	0	
1.622	-2	1.999	-0.059	-0.059	0	
1.642	-2	1.997	-0.142	-0.141	0.001	
1.662	-2	1.994	-0.235	-0.231	0.005	
1.682	-2	1.988	-0.325	-0.315	0.014	
1.702	-2	1.981	-0.412	-0.394	0.033	
1.722	-2	1.972	-0.497	-0.466	0.065	
1.742	-2	1.962	-0.579	-0.531	0.118	
1.762	-2	1.95	-0.658	-0.589	0.196	
1.782	-2	1.937	-0.734	-0.641	0.306	
1.802	-2	1.923	-0.809	-0.686	0.453	
1.822	-2	1.907	-0.88	-0.724	0.643	
1.842	-2.001	1.891	-0.95	-0.756	0.881	
1.862	-2.001	1.873	-1.017	-0.782	1.172	
1.882	-2.001	1.855	-1.082	-0.802	1.522	
1.902	-2.002	1.836	-1.145	-0.818	1.934	
1.922	-2.003	1.816	-1.206	-0.828	2.413	
1.942	-2.004	1.795	-1.265	-0.833	2.962	
1.962	-2.005	1.774	-1.322	-0.834	3.586	
1.982	-2.006	1.752	-1.377	-0.831	4.288	
2.002	-2.008	1.73	-1.43	-0.824	5.07	
2.022	-2.01	1.707	-1.481	-0.813	5.936	
2.042	-2.013	1.684	-1.531	-0.798	6.888	
2.062	-2.016	1.661	-1.58	-0.781	7.928	
2.082	-2.019	1.637	-1.626	-0.76	9.058	
2.102	-2.023	1.614	-1.671	-0.738	10.28	
2.122	-2.028	1.59	-1.715	-0.713	11.594	
2.142	-2.033	1.566	-1.757	-0.687	13.001	
2.162	-2.039	1.543	-1.798	-0.659	14.501	
2.182	-2.046	1.519	-1.837	-0.631	16.093	
2.202	-2.053	1.495	-1.875	-0.602	17.777	
2.222	-2.061	1.472	-1.912	-0.574	19.55	
2.242	-2.069	1.448	-1.948	-0.547	21.409	
2.262	-2.079	1.425	-1.983	-0.521	23.352	
2.282	-2.089	1.402	-2.016	-0.498	25.374	
2.302	-2.1	1.38	-2.048	-0.477	27.47	
2.322	-2.113	1.357	-2.079	-0.46	29.635	
2.342	-2.126	1.336	-2.11	-0.446	31.862	
2.362	-2.14	1.314	-2.139	-0.437	34.145	
2.382	-2.154	1.293	-2.167	-0.432	36.477	
2.402	-2.17	1.272	-2.194	-0.432	38.848	
2.422	-2.187	1.252	-2.221	-0.438	41.252	
2.442	-2.205	1.232	-2.246	-0.449	43.68	
2.462	-2.225	1.213	-2.271	-0.466	46.122	
2.482	-2.245	1.194	-2.295	-0.488	48.57	
2.502	-2.266	1.176	-2.318	-0.515	51.016	
2.522	-2.289	1.159	-2.341	-0.548	53.452	
2.542	-2.313	1.142	-2.362	-0.586	55.869	
2.562	-2.338	1.126	-2.383	-0.629	58.26	
2.582	-2.364	1.11	-2.403	-0.675	60.618	
2.602	-2.391	1.096	-2.423	-0.725	62.938	
2.622	-2.42	1.082	-2.442	-0.778	65.214	
2.642	-2.45	1.069	-2.46	-0.833	67.442	
2.662	-2.481	1.056	-2.478	-0.889	69.62	
2.682	-2.513	1.045	-2.495	-0.946	71.744	
2.702	-2.546	1.035	-2.511	-1.003	73.814	
2.722	-2.58	1.026	-2.527	-1.059	75.83	
2.742	-2.616	1.017	-2.543	-1.114	77.791	
2.762	-2.652	1.01	-2.558	-1.168	79.699	
2.782	-2.689	1.004	-2.572	-1.219	81.557	
2.802	-2.727	0.999	-2.586	-1.268	83.365	
2.822	-2.765	0.995	-2.6	-1.314	85.129	
2.842	-2.805	0.992	-2.613	-1.357	86.851	
2.862	-2.845	0.991	-2.626	-1.396	88.534	
2.882	-2.885	0.99	-2.638	-1.432	90.184	
2.902	-2.926	0.991	-2.65	-1.464	91.803	
2.922	-2.967	0.993	-2.661	-1.493	93.398	
2.942	-3.009	0.996	-2.673	-1.518	94.971	
2.962	-3.051	1	-2.683	-1.539	96.529	
2.982	-3.093	1.006	-2.694	-1.556	98.075	
3.002	-3.135	1.012	-2.704	-1.569	99.615	
3.022	-3.177	1.02	-2.713	-1.578	101.153	
3.042	-3.219	1.029	-2.723	-1.583	102.695	
3.062	-3.261	1.039	-2.732	-1.584	104.246	
3.082	-3.303	1.05	-2.741	-1.581	105.811	
3.102	-3.344	1.062	-2.749	-1.573	107.395	
3.122	-3.385	1.076	-2.757	-1.562	109.003	
3.142	-3.426	1.09	-2.765	-1.546	110.642	
3.162	-3.466	1.106	-2.773	-1.525	112.316	
3.182	-3.505	1.123	-2.781	-1.501	114.03	
3.202	-3.544	1.141	-2.788	-1.472	115.792	
3.222	-3.582	1.16	-2.795	-1.439	117.604	
3.242	-3.619	1.18	-2.801	-1.402	119.474	
3.262	-3.655	1.202	-2.808	-1.362	121.405	
3.282	-3.69	1.224	-2.814	-1.318	123.403	
3.302	-3.724	1.247	-2.82	-1.271	125.471	
3.322	-3.757	1.271	-2.826	-1.222	127.612	
3.342	-3.788	1.296	-2.832	-1.171	129.829	
3.362	-3.818	1.323	-2.838	-1.12	132.122	
3.382	-3.847	1.35	-2.843	-1.07	134.492	
3.402	-3.874	1.377	-2.848	-1.021	136.937	
3.422	-3.9	1.406	-2.853	-0.975	139.453	
3.442	-3.924	1.436	-2.858	-0.933	142.036	
3.462	-3.946	1.466	-2.862	-0.897	144.677	
3.482	-3.967	1.497	-2.867	-0.868	147.368	
3.502	-3.987	1.529	-2.846	-0.84	150.095	
3.522	-4.004	1.561	-2.746	-0.801	152.776	
3.542	-4.019	1.592	-2.646	-0.773	155.368	
3.562	-4.032	1.623	-2.546	-0.755	157.856	
3.582	-4.044	1.653	-2.446	-0.745	160.228	
3.602	-4.054	1.683	-2.346	-0.742	162.473	
3.622	-4.063	1.712	-2.245	-0.744	164.583	
3.642	-4.07	1.741	-2.145	-0.751	166.552	
3.662	-4.076	1.768	-2.045	-0.759	168.374	
3.682	-4.081	1.796	-1.945	-0.769	170.049	
3.702	-4.086	1.822	-1.845	-0.779	171.574	
3.722	-4.089	1.848	-1.745	-0.788	172.951	
3.742	-4.092	1.872	-1.644	-0.794	174.181	
3.762	-4.094	1.896	-1.544	-0.798	175.269	
3.782	-4.096	1.919	-1.444	-0.797	176.218	
3.802	-4.097	1.941	-1.344	-0.791	177.036	
3.822	-4.098	1.962	-1.243	-0.78	177.73	
3.842	-4.099	1.981	-1.143	-0.762	178.306	
3.862	-4.099	2	-1.042	-0.737	178.776	
3.882	-4.1	2.017	-0.942	-0.702	179.147	
3.902	-4.1	2.033	-0.842	-0.661	179.432	
3.922	-4.1	2.047	-0.742	-0.612	179.642	
3.942	-4.1	2.06	-0.642	-0.553	179.79	
3.962	-4.1	2.071	-0.542	-0.486	179.887	
3.982	-4.1	2.08	-0.442	-0.41	179.947	
4.002	-4.1	2.088	-0.342	-0.326	179.979	
4.022	-4.1	2.094	-0.242	-0.236	179.993	
4.042	-4.1	2.097	-0.142	-0.14	179.999	
4.062	-4.1	2.099	-0.056	-0.055	180	
4.082	-4.1	2.1	-0.009	-0.009	180	
4.082	-4.1	2.1	0	0	180	
4.116	-4.1	2.099	0.056	0.057	180	
4.136	-4.1	2.097	0.137	0.139	180.001	
4.156	-4.1	2.094	0.226	0.232	180.005	
4.176	-4.1	2.088	0.309	0.322	180.017	
4.196	-4.1	2.081	0.384	0.409	180.042	
4.216	-4.1	2.073	0.451	0.494	180.088	
4.236	-4.1	2.063	0.509	0.576	180.162	
4.256	-4.1	2.051	0.559	0.655	180.272	
4.276	-4.1	2.038	0.6	0.732	180.427	
4.296	-4.1	2.025	0.634	0.806	180.633	
4.316	-4.1	2.01	0.66	0.878	180.898	
4.336	-4.101	1.994	0.68	0.948	181.227	
4.356	-4.101	1.977	0.693	1.015	181.628	
4.376	-4.102	1.96	0.701	1.08	182.104	
4.396	-4.103	1.942	0.704	1.143	182.66	
4.416	-4.103	1.923	0.702	1.204	183.299	
4.436	-4.105	1.904	0.696	1.263	184.024	
4.456	-4.106	1.884	0.687	1.32	184.838	
4.476	-4.108	1.864	0.676	1.375	185.743	
4.496	-4.11	1.843	0.661	1.428	186.739	
4.516	-4.113	1.822	0.645	1.48	187.826	
4.536	-4.116	1.801	0.628	1.53	189.004	
4.556	-4.12	1.78	0.61	1.578	190.274	
4.576	-4.124	1.758	0.592	1.625	191.632	
4.596	-4.129	1.736	0.574	1.67	193.077	
4.616	-4.134	1.714	0.556	1.713	194.606	
4.636	-4.14	1.692	0.541	1.756	196.216	
4.656	-4.147	1.67	0.526	1.796	197.903	
4.676	-4.154	1.648	0.515	1.836	199.661	
4.696	-4.163	1.626	0.506	1.874	201.485	
4.716	-4.172	1.604	0.5	1.911	203.37	
4.736	-4.182	1.582	0.499	1.947	205.309	
4.756	-4.193	1.56	0.501	1.981	207.295	
4.776	-4.205	1.538	0.508	2.015	209.321	
4.796	-4.218	1.516	0.519	2.047	211.378	
4.816	-4.231	1.494	0.535	2.078	213.46	
4.836	-4.246	1.472	0.557	2.109	215.557	
4.856	-4.262	1.451	0.583	2.138	217.662	
4.876	-4.28	1.429	0.614	2.166	219.768	
4.896	-4.298	1.408	0.65	2.193	221.864	
4.916	-4.318	1.387	0.69	2.22	223.946	
4.936	-4.338	1.366	0.735	2.245	226.005	
4.956	-4.36	1.345	0.783	2.27	228.035	
4.976	-4.384	1.325	0.835	2.294	230.029	
4.996	-4.408	1.305	0.889	2.317	231.984	
5.016	-4.434	1.286	0.946	2.34	233.895	
5.036	-4.461	1.267	1.004	2.361	235.757	
5.056	-4.49	1.248	1.063	2.382	237.569	
5.076	-4.52	1.23	1.123	2.402	239.328	
5.096	-4.55	1.212	1.182	2.422	241.033	
5.116	-4.583	1.195	1.241	2.441	242.684	
5.136	-4.616	1.178	1.299	2.459	244.28	
5.156	-4.65	1.162	1.355	2.475	245.823	
5.176	-4.686	1.147	1.409	2.49	247.313	
5.196	-4.722	1.132	1.461	2.505	248.751	
5.216	-4.76	1.118	1.512	2.521	250.141	
5.236	-4.798	1.105	1.56	2.537	251.485	
5.256	-4.837	1.092	1.606	2.552	252.786	
5.276	-4.877	1.08	1.65	2.567	254.047	
5.296	-4.918	1.069	1.691	2.581	255.269	
5.316	-4.96	1.058	1.73	2.595	256.456	
5.336	-5.002	1.049	1.766	2.608	257.612	
5.356	-5.045	1.04	1.8	2.621	258.737	
5.376	-5.089	1.031	1.831	2.633	259.836	
5.396	-5.133	1.024	1.86	2.645	260.911	
5.416	-5.178	1.017	1.886	2.657	261.966	
5.436	-5.223	1.011	1.91	2.668	263.001	
5.456	-5.269	1.006	1.931	2.679	264.021	
5.476	-5.315	1.002	1.95	2.689	265.029	
5.496	-5.361	0.998	1.967	2.7	266.026	
5.516	-5.408	0.995	1.982	2.71	267.015	
5.536	-5.455	0.993	1.994	2.719	267.999	
5.556	-5.502	0.992	2.004	2.728	268.982	
5.576	-5.549	0.991	2.012	2.737	269.964	
5.596	-5.597	0.992	2.017	2.746	270.95	
5.616	-5.645	0.993	2.02	2.754	271.942	
5.636	-5.692	0.995	2.02	2.762	272.942	
5.656	-5.74	0.998	2.018	2.77	273.955	
5.676	-5.788	1.002	2.014	2.778	274.982	
5.696	-5.836	1.006	2.007	2.785	276.028	
5.716	-5.883	1.012	1.997	2.792	277.095	
5.736	-5.931	1.018	1.984	2.799	278.188	
5.756	-5.978	1.025	1.968	2.805	279.309	
5.776	-6.025	1.034	1.948	2.812	280.463	
5.796	-6.071	1.043	1.926	2.818	281.654	
5.816	-6.118	1.053	1.9	2.824	282.887	
5.836	-6.164	1.064	1.87	2.83	284.166	
5.856	-6.209	1.076	1.836	2.835	285.495	
5.876	-6.254	1.089	1.798	2.841	286.881	
5.896	-6.298	1.103	1.756	2.846	288.329	
5.916	-6.341	1.118	1.71	2.851	289.843	
5.936	-6.383	1.134	1.659	2.856	291.43	
5.956	-6.425	1.151	1.604	2.861	293.096	
5.976	-6.466	1.169	1.545	2.865	294.846	
5.996	-6.505	1.188	1.482	2.87	296.684	
6.016	-6.543	1.208	1.416	2.874	298.617	
6.036	-6.58	1.229	1.347	2.878	300.647	
6.056	-6.616	1.251	1.275	2.882	302.779	
6.076	-6.65	1.274	1.203	2.886	305.014	
6.096	-6.683	1.298	1.13	2.89	307.353	
6.116	-6.714	1.323	1.059	2.893	309.794	
6.136	-6.744	1.348	0.991	2.897	312.335	
6.156	-6.772	1.375	0.927	2.9	314.97	
6.176	-6.798	1.403	0.87	2.903	317.691	
6.196	-6.822	1.431	0.821	2.907	320.488	
6.216	-6.845	1.46	0.781	2.91	323.35	
6.236	-6.867	1.49	0.753	2.913	326.26	
6.256	-6.886	1.521	0.726	2.872	329.195	
6.276	-6.903	1.552	0.7	2.772	332.059	
6.296	-6.919	1.582	0.686	2.672	334.816	
6.316	-6.932	1.613	0.683	2.572	337.448	
6.336	-6.944	1.642	0.688	2.472	339.943	
6.356	-6.954	1.672	0.7	2.372	342.291	
6.376	-6.962	1.701	0.717	2.271	344.483	
6.396	-6.97	1.73	0.736	2.171	346.516	
6.416	-6.976	1.758	0.757	2.071	348.385	
6.436	-6.981	1.785	0.777	1.971	350.091	
6.456	-6.986	1.812	0.795	1.871	351.635	
6.476	-6.989	1.838	0.811	1.771	353.02	
6.496	-6.992	1.863	0.822	1.67	354.251	
6.516	-6.994	1.887	0.829	1.57	355.333	
6.536	-6.996	1.911	0.831	1.47	356.273	
6.556	-6.997	1.933	0.826	1.37	357.08	
6.576	-6.998	1.955	0.814	1.269	357.761	
6.596	-6.999	1.975	0.796	1.169	358.326	
6.616	-6.999	1.994	0.768	1.069	358.786	
6.636	-7	2.012	0.733	0.969	359.149	
6.656	-7	2.028	0.691	0.869	359.428	
6.676	-7	2.043	0.639	0.769	359.636	
6.696	-7	2.056	0.579	0.669	359.783	
6.716	-7	2.068	0.511	0.569	359.881	
6.736	-7	2.078	0.435	0.469	359.942	
6.756	-7	2.086	0.351	0.369	359.976	
6.776	-7	2.092	0.261	0.269	359.992	
6.796	-7	2.097	0.166	0.169	359.998	
6.816	-7	2.099	0.074	0.075	360	
6.836	-7	2.1	0.017	0.017	360	
