0	-4	1	0	0	90	
0.039	-3.999	1	0.075	0.034	89.964	
0.059	-3.998	1	0.163	0.075	89.879	
0.079	-3.995	1	0.255	0.116	89.726	
0.099	-3.99	1	0.345	0.157	89.506	
0.119	-3.985	1	0.432	0.196	89.22	
0.139	-3.978	1	0.515	0.233	88.87	
0.159	-3.97	1	0.597	0.268	88.456	
0.179	-3.961	1.001	0.675	0.302	87.982	
0.199	-3.95	1.001	0.751	0.334	87.447	
0.219	-3.939	1.002	0.825	0.364	86.853	
0.239	-3.927	1.002	0.896	0.393	86.2	
0.259	-3.913	1.003	0.965	0.42	85.49	
0.279	-3.899	1.005	1.032	0.445	84.723	
0.299	-3.884	1.006	1.096	0.469	83.901	
0.319	-3.868	1.008	1.159	0.491	83.024	
0.339	-3.851	1.01	1.219	0.511	82.092	
0.359	-3.834	1.013	1.277	0.531	81.106	
0.379	-3.816	1.016	1.334	0.548	80.068	
0.399	-3.797	1.019	1.388	0.565	78.977	
0.419	-3.777	1.023	1.441	0.58	77.835	
0.439	-3.757	1.028	1.492	0.593	76.641	
0.459	-3.737	1.033	1.542	0.606	75.398	
0.479	-3.716	1.039	1.59	0.617	74.104	
0.499	-3.694	1.045	1.636	0.628	72.762	
0.519	-3.673	1.052	1.681	0.638	71.372	
0.539	-3.65	1.06	1.724	0.646	69.934	
0.559	-3.628	1.068	1.766	0.654	68.45	
0.579	-3.605	1.078	1.806	0.662	66.921	
0.599	-3.583	1.088	1.845	0.668	65.347	
0.619	-3.56	1.098	1.883	0.675	63.73	
0.639	-3.537	1.11	1.92	0.681	62.07	
0.659	-3.514	1.123	1.955	0.686	60.369	
0.679	-3.491	1.136	1.99	0.691	58.628	
0.699	-3.468	1.151	2.023	0.696	56.849	
0.719	-3.445	1.166	2.055	0.701	55.032	
0.739	-3.423	1.182	2.086	0.706	53.178	
0.759	-3.401	1.2	2.116	0.711	51.29	
0.779	-3.379	1.218	2.145	0.716	49.369	
0.799	-3.357	1.237	2.173	0.721	47.416	
0.819	-3.336	1.257	2.2	0.726	45.432	
0.839	-3.316	1.278	2.226	0.732	43.42	
0.859	-3.296	1.3	2.252	0.738	41.381	
0.879	-3.276	1.323	2.276	0.744	39.316	
0.899	-3.257	1.347	2.3	0.751	37.227	
0.919	-3.239	1.371	2.323	0.758	35.115	
0.939	-3.222	1.397	2.345	0.765	32.983	
0.959	-3.206	1.423	2.367	0.773	30.831	
0.979	-3.19	1.451	2.387	0.782	28.662	
0.999	-3.175	1.479	2.407	0.791	26.478	
1.019	-3.161	1.508	2.427	0.8	24.279	
1.039	-3.149	1.538	2.446	0.81	22.068	
1.059	-3.137	1.568	2.464	0.821	19.846	
1.079	-3.126	1.6	2.481	0.833	17.615	
1.099	-3.117	1.631	2.498	0.845	15.377	
1.119	-3.109	1.664	2.515	0.858	13.133	
1.139	-3.102	1.697	2.531	0.872	10.886	
1.159	-3.096	1.731	2.546	0.886	8.636	
1.179	-3.091	1.765	2.561	0.901	6.385	
1.199	-3.088	1.8	2.575	0.917	4.137	
1.219	-3.086	1.835	2.589	0.934	1.891	
1.239	-3.086	1.87	2.603	0.951	359.649	
1.259	-3.087	1.906	2.616	0.97	357.414	
1.279	-3.089	1.942	2.629	0.989	355.187	
1.299	-3.093	1.978	2.641	1.009	352.97	
1.319	-3.098	2.014	2.652	1.029	350.764	
1.339	-3.105	2.05	2.664	1.05	348.57	
1.359	-3.113	2.087	2.675	1.072	346.391	
1.379	-3.122	2.123	2.686	1.095	344.227	
1.399	-3.133	2.16	2.696	1.118	342.08	
1.419	-3.146	2.196	2.706	1.142	339.951	
1.439	-3.16	2.232	2.715	1.166	337.841	
1.459	-3.175	2.268	2.725	1.191	335.752	
1.479	-3.192	2.303	2.734	1.216	333.684	
1.499	-3.21	2.338	2.743	1.241	331.637	
1.519	-3.23	2.373	2.751	1.266	329.614	
1.539	-3.251	2.408	2.759	1.292	327.614	
1.559	-3.273	2.442	2.767	1.318	325.638	
1.579	-3.297	2.475	2.775	1.343	323.685	
1.599	-3.322	2.508	2.782	1.369	321.758	
1.619	-3.348	2.54	2.789	1.394	319.855	
1.639	-3.376	2.572	2.796	1.42	317.977	
1.659	-3.404	2.603	2.803	1.445	316.124	
1.679	-3.435	2.633	2.809	1.47	314.296	
1.699	-3.466	2.663	2.812	1.494	312.493	
1.719	-3.497	2.691	2.711	1.461	310.749	
1.739	-3.529	2.717	2.611	1.427	309.096	
1.759	-3.56	2.742	2.511	1.392	307.532	
1.779	-3.591	2.765	2.411	1.355	306.054	
1.799	-3.621	2.786	2.311	1.319	304.663	
1.819	-3.651	2.806	2.211	1.283	303.359	
1.839	-3.679	2.825	2.111	1.25	302.143	
1.859	-3.708	2.842	2.011	1.219	301.018	
1.879	-3.735	2.858	1.91	1.193	299.991	
1.899	-3.761	2.873	1.81	1.175	299.069	
1.919	-3.787	2.887	1.71	1.168	298.264	
1.939	-3.812	2.9	1.61	1.178	297.596	
1.959	-3.837	2.913	1.509	1.214	297.091	
1.979	-3.861	2.925	1.409	1.293	296.797	
1.999	-3.885	2.938	1.309	1.445	296.788	
2.019	-3.908	2.949	0.977	1.358	297.138	
2.039	-3.927	2.959	0.732	1.258	297.758	
2.059	-3.944	2.968	0.593	1.158	298.507	
2.079	-3.958	2.976	0.555	1.057	299.246	
2.099	-3.972	2.984	0.617	0.957	299.838	
2.119	-3.986	2.992	0.795	0.857	300.14	
2.139	-4.001	3.001	1.109	0.76	299.966	
2.159	-4.017	3.01	1.17	0.714	299.404	
2.179	-4.034	3.019	1.175	0.74	298.789	
2.199	-4.051	3.028	1.152	0.804	298.258	
2.219	-4.068	3.038	1.114	0.876	297.863	
2.239	-4.086	3.047	1.077	0.946	297.618	
2.259	-4.104	3.056	1.05	1.013	297.509	
2.279	-4.123	3.066	1.032	1.079	297.52	
2.299	-4.142	3.076	1.023	1.142	297.635	
2.319	-4.161	3.086	1.021	1.203	297.841	
2.339	-4.181	3.097	1.023	1.262	298.129	
2.359	-4.201	3.108	1.029	1.319	298.489	
2.379	-4.222	3.119	1.037	1.374	298.915	
2.399	-4.244	3.131	1.047	1.427	299.402	
2.419	-4.265	3.143	1.058	1.479	299.946	
2.439	-4.287	3.156	1.069	1.529	300.544	
2.459	-4.31	3.17	1.08	1.577	301.193	
2.479	-4.333	3.184	1.09	1.623	301.892	
2.499	-4.356	3.198	1.1	1.669	302.64	
2.519	-4.379	3.214	1.109	1.712	303.435	
2.539	-4.403	3.23	1.116	1.755	304.278	
2.559	-4.427	3.246	1.122	1.795	305.168	
2.579	-4.451	3.263	1.127	1.835	306.104	
2.599	-4.475	3.281	1.13	1.873	307.089	
2.619	-4.499	3.299	1.131	1.91	308.121	
2.639	-4.523	3.318	1.131	1.946	309.202	
2.659	-4.546	3.338	1.129	1.98	310.332	
2.679	-4.57	3.359	1.125	2.014	311.513	
2.699	-4.593	3.38	1.119	2.046	312.745	
2.719	-4.616	3.402	1.112	2.078	314.029	
2.739	-4.639	3.424	1.103	2.108	315.366	
2.759	-4.661	3.447	1.092	2.137	316.757	
2.779	-4.683	3.471	1.079	2.165	318.203	
2.799	-4.705	3.496	1.065	2.193	319.705	
2.819	-4.725	3.521	1.05	2.219	321.264	
2.839	-4.746	3.547	1.033	2.245	322.88	
2.859	-4.765	3.573	1.016	2.27	324.553	
2.879	-4.784	3.6	0.997	2.294	326.284	
2.899	-4.802	3.628	0.978	2.317	328.072	
2.919	-4.819	3.656	0.959	2.339	329.917	
2.939	-4.835	3.685	0.939	2.361	331.818	
2.959	-4.85	3.714	0.92	2.382	333.775	
2.979	-4.864	3.744	0.901	2.402	335.786	
2.999	-4.877	3.775	0.883	2.422	337.848	
3.019	-4.889	3.805	0.866	2.441	339.961	
3.039	-4.899	3.837	0.85	2.459	342.121	
3.059	-4.909	3.868	0.836	2.477	344.326	
3.079	-4.917	3.9	0.824	2.494	346.573	
3.099	-4.924	3.933	0.814	2.511	348.857	
3.119	-4.93	3.966	0.806	2.527	351.175	
3.139	-4.935	3.999	0.801	2.542	353.524	
3.159	-4.938	4.032	0.798	2.557	355.898	
3.179	-4.939	4.066	0.798	2.572	358.294	
3.199	-4.94	4.099	0.801	2.586	0.708	
3.219	-4.938	4.133	0.806	2.599	3.134	
3.239	-4.936	4.167	0.815	2.613	5.568	
3.259	-4.932	4.202	0.826	2.625	8.007	
3.279	-4.926	4.236	0.839	2.638	10.446	
3.299	-4.919	4.27	0.855	2.649	12.882	
3.319	-4.911	4.304	0.872	2.661	15.311	
3.339	-4.901	4.338	0.892	2.672	17.73	
3.359	-4.889	4.372	0.912	2.683	20.137	
3.379	-4.876	4.406	0.934	2.693	22.528	
3.399	-4.861	4.439	0.957	2.703	24.903	
3.419	-4.845	4.472	0.98	2.713	27.261	
3.439	-4.827	4.505	1.003	2.722	29.6	
3.459	-4.808	4.537	1.026	2.732	31.921	
3.479	-4.788	4.568	1.048	2.74	34.223	
3.499	-4.766	4.599	1.07	2.749	36.507	
3.519	-4.742	4.63	1.089	2.757	38.775	
3.539	-4.717	4.659	1.108	2.765	41.029	
3.559	-4.691	4.688	1.124	2.773	43.269	
3.579	-4.664	4.716	1.138	2.78	45.5	
3.599	-4.636	4.743	1.15	2.787	47.723	
3.619	-4.606	4.769	1.159	2.794	49.941	
3.639	-4.575	4.794	1.166	2.801	52.158	
3.659	-4.543	4.818	1.169	2.808	54.378	
3.679	-4.51	4.84	1.17	2.814	56.604	
3.699	-4.477	4.861	1.167	2.82	58.839	
3.719	-4.442	4.881	1.161	2.826	61.089	
3.739	-4.407	4.9	1.153	2.832	63.356	
3.759	-4.371	4.917	1.141	2.837	65.645	
3.779	-4.334	4.933	1.126	2.843	67.96	
3.799	-4.297	4.947	1.108	2.848	70.304	
3.819	-4.26	4.959	1.088	2.853	72.681	
3.839	-4.222	4.97	1.065	2.858	75.095	
3.859	-4.184	4.98	1.04	2.862	77.547	
3.879	-4.146	4.987	1.013	2.867	80.041	
3.899	-4.108	4.993	0.985	2.871	82.579	
3.919	-4.07	4.997	0.956	2.875	85.161	
3.939	-4.031	4.999	0.92	2.862	87.786	
3.959	-3.994	5	0.896	2.824	90.418	
3.979	-3.957	4.999	0.943	2.786	92.974	
3.999	-3.919	4.996	1.002	2.793	95.433	
4.019	-3.881	4.992	1.055	2.8	97.826	
4.039	-3.843	4.986	1.101	2.806	100.162	
4.059	-3.805	4.978	1.142	2.813	102.448	
4.079	-3.766	4.969	1.176	2.819	104.692	
4.099	-3.727	4.958	1.203	2.825	106.904	
4.119	-3.689	4.945	1.225	2.83	109.09	
4.139	-3.651	4.931	1.241	2.836	111.258	
4.159	-3.613	4.916	1.251	2.841	113.417	
4.179	-3.576	4.899	1.255	2.847	115.574	
4.199	-3.539	4.88	1.255	2.852	117.735	
4.219	-3.503	4.86	1.249	2.857	119.908	
4.239	-3.468	4.839	1.239	2.861	122.098	
4.259	-3.434	4.817	1.224	2.866	124.312	
4.279	-3.4	4.793	1.205	2.87	126.555	
4.299	-3.368	4.768	1.183	2.874	128.832	
4.319	-3.337	4.742	1.157	2.879	131.148	
4.339	-3.307	4.715	1.128	2.883	133.507	
4.359	-3.279	4.687	1.097	2.886	135.912	
4.379	-3.252	4.658	1.064	2.89	138.365	
4.399	-3.226	4.628	1.03	2.894	140.869	
4.419	-3.202	4.597	0.996	2.897	143.424	
4.439	-3.18	4.566	0.962	2.901	146.03	
4.459	-3.159	4.533	0.928	2.904	148.687	
4.479	-3.14	4.5	0.897	2.907	151.392	
4.499	-3.123	4.466	0.867	2.91	154.143	
4.519	-3.107	4.432	0.841	2.913	156.935	
4.539	-3.093	4.397	0.819	2.916	159.764	
4.559	-3.081	4.362	0.801	2.919	162.624	
4.579	-3.071	4.326	0.788	2.921	165.508	
4.599	-3.063	4.29	0.78	2.924	168.41	
4.619	-3.056	4.254	0.778	2.926	171.321	
4.639	-3.052	4.217	0.782	2.929	174.233	
4.659	-3.049	4.18	0.793	2.931	177.139	
4.679	-3.048	4.143	0.809	2.933	180.029	
4.699	-3.049	4.105	0.831	2.936	182.895	
4.719	-3.052	4.067	0.86	2.938	185.729	
4.739	-3.056	4.03	0.893	2.94	188.524	
4.759	-3.063	3.992	0.932	2.942	191.273	
4.779	-3.072	3.954	0.975	2.944	193.968	
4.799	-3.082	3.916	1.022	2.946	196.604	
4.819	-3.094	3.878	1.073	2.948	199.176	
4.839	-3.108	3.84	1.126	2.95	201.681	
4.859	-3.124	3.802	1.181	2.952	204.115	
4.879	-3.142	3.764	1.237	2.954	206.477	
4.899	-3.162	3.727	1.294	2.956	208.764	
4.919	-3.183	3.69	1.35	2.956	210.978	
4.939	-3.206	3.653	1.404	2.954	213.115	
4.959	-3.231	3.617	1.456	2.951	215.177	
4.979	-3.257	3.581	1.507	2.949	217.165	
4.999	-3.284	3.546	1.556	2.947	219.082	
5.019	-3.314	3.511	1.603	2.946	220.933	
5.039	-3.344	3.477	1.649	2.947	222.721	
5.059	-3.376	3.444	1.686	2.933	224.45	
5.079	-3.408	3.412	1.665	2.833	226.09	
5.099	-3.441	3.381	1.639	2.733	227.625	
5.119	-3.473	3.353	1.607	2.633	229.065	
5.139	-3.505	3.326	1.571	2.533	230.415	
5.159	-3.536	3.3	1.53	2.433	231.681	
5.179	-3.567	3.276	1.487	2.333	232.869	
5.199	-3.597	3.254	1.442	2.233	233.981	
5.219	-3.626	3.233	1.397	2.132	235.018	
5.239	-3.655	3.213	1.353	2.032	235.98	
5.259	-3.683	3.195	1.314	1.932	236.863	
5.279	-3.709	3.178	1.283	1.832	237.658	
5.299	-3.735	3.162	1.267	1.732	238.352	
5.319	-3.761	3.146	1.276	1.631	238.918	
5.339	-3.785	3.132	1.33	1.531	239.31	
5.359	-3.81	3.117	1.465	1.431	239.448	
5.379	-3.835	3.102	1.503	1.164	239.203	
5.399	-3.856	3.09	1.403	0.895	238.618	
5.419	-3.875	3.078	1.302	0.816	237.921	
5.439	-3.892	3.067	1.202	0.923	237.372	
5.459	-3.911	3.055	1.102	1.166	237.201	
5.479	-3.93	3.042	1.003	1.397	237.513	
5.499	-3.951	3.029	0.931	1.479	238.17	
5.519	-3.971	3.017	0.89	1.456	238.945	
5.539	-3.991	3.005	0.848	1.356	239.678	
5.559	-4.01	2.994	0.953	1.256	240.276	
5.579	-4.029	2.983	1.089	1.168	240.53	
5.599	-4.049	2.972	1.151	1.098	240.541	
5.619	-4.069	2.961	1.212	1.066	240.399	
5.639	-4.089	2.95	1.271	1.055	240.149	
5.659	-4.109	2.938	1.328	1.057	239.816	
5.679	-4.13	2.926	1.382	1.065	239.415	
5.699	-4.151	2.913	1.435	1.077	238.956	
5.719	-4.173	2.9	1.487	1.092	238.444	
5.739	-4.195	2.886	1.536	1.108	237.884	
5.759	-4.217	2.872	1.584	1.124	237.281	
5.779	-4.24	2.857	1.631	1.14	236.635	
5.799	-4.264	2.841	1.676	1.156	235.95	
5.819	-4.287	2.825	1.719	1.171	235.225	
5.839	-4.311	2.808	1.761	1.185	234.462	
5.859	-4.335	2.791	1.802	1.198	233.661	
5.879	-4.359	2.773	1.841	1.209	232.823	
5.899	-4.384	2.754	1.879	1.219	231.947	
5.919	-4.408	2.735	1.916	1.228	231.032	
5.939	-4.433	2.714	1.951	1.235	230.08	
5.959	-4.457	2.694	1.986	1.241	229.088	
5.979	-4.481	2.672	2.019	1.244	228.057	
5.999	-4.506	2.65	2.051	1.247	226.986	
6.019	-4.53	2.627	2.082	1.247	225.873	
6.039	-4.553	2.604	2.113	1.246	224.719	
6.059	-4.577	2.58	2.142	1.243	223.521	
6.079	-4.6	2.555	2.17	1.238	222.279	
6.099	-4.623	2.529	2.197	1.232	220.992	
6.119	-4.645	2.503	2.223	1.224	219.659	
6.139	-4.667	2.476	2.249	1.214	218.279	
6.159	-4.688	2.449	2.274	1.203	216.85	
6.179	-4.708	2.42	2.297	1.19	215.372	
6.199	-4.728	2.392	2.32	1.176	213.844	
6.219	-4.747	2.362	2.343	1.16	212.265	
6.239	-4.766	2.332	2.364	1.143	210.634	
6.259	-4.783	2.302	2.385	1.125	208.95	
6.279	-4.799	2.271	2.405	1.106	207.213	
6.299	-4.815	2.24	2.425	1.086	205.423	
6.319	-4.83	2.208	2.444	1.065	203.58	
6.339	-4.843	2.175	2.462	1.044	201.682	
6.359	-4.855	2.142	2.48	1.023	199.732	
6.379	-4.867	2.109	2.497	1.001	197.729	
6.399	-4.877	2.076	2.513	0.98	195.674	
6.419	-4.886	2.042	2.529	0.959	193.568	
6.439	-4.893	2.008	2.545	0.938	191.412	
6.459	-4.899	1.974	2.56	0.919	189.209	
6.479	-4.904	1.939	2.574	0.9	186.96	
6.499	-4.908	1.905	2.588	0.883	184.668	
6.519	-4.91	1.87	2.602	0.867	182.334	
6.539	-4.911	1.836	2.615	0.853	179.962	
6.559	-4.91	1.801	2.627	0.84	177.554	
6.579	-4.908	1.766	2.64	0.83	175.114	
6.599	-4.904	1.732	2.651	0.822	172.646	
6.619	-4.899	1.697	2.663	0.815	170.152	
6.639	-4.892	1.663	2.674	0.812	167.636	
6.659	-4.884	1.629	2.685	0.81	165.102	
6.679	-4.874	1.596	2.695	0.811	162.554	
6.699	-4.863	1.562	2.705	0.814	159.994	
6.719	-4.85	1.53	2.715	0.82	157.428	
6.739	-4.836	1.497	2.724	0.827	154.857	
6.759	-4.82	1.465	2.733	0.837	152.285	
6.779	-4.802	1.434	2.742	0.848	149.716	
6.799	-4.784	1.403	2.75	0.861	147.151	
6.819	-4.763	1.373	2.758	0.875	144.593	
6.839	-4.742	1.344	2.766	0.891	142.045	
6.859	-4.718	1.316	2.774	0.907	139.509	
6.879	-4.694	1.288	2.781	0.924	136.985	
6.899	-4.668	1.262	2.789	0.942	134.475	
6.919	-4.641	1.236	2.796	0.96	131.98	
6.939	-4.612	1.211	2.802	0.978	129.5	
6.959	-4.582	1.188	2.809	0.996	127.035	
6.979	-4.551	1.166	2.815	1.013	124.586	
6.999	-4.519	1.144	2.798	1.022	122.152	
7.019	-4.487	1.125	2.698	0.998	119.793	
7.039	-4.455	1.108	2.598	0.971	117.535	
7.059	-4.424	1.092	2.498	0.942	115.375	
7.079	-4.393	1.078	2.398	0.912	113.31	
7.099	-4.363	1.066	2.297	0.879	111.338	
7.119	-4.334	1.055	2.197	0.845	109.457	
7.139	-4.305	1.045	2.097	0.809	107.663	
7.159	-4.278	1.037	1.997	0.772	105.956	
7.179	-4.252	1.03	1.897	0.735	104.335	
7.199	-4.227	1.024	1.797	0.697	102.798	
7.219	-4.203	1.019	1.696	0.658	101.345	
7.239	-4.181	1.015	1.596	0.62	99.976	
7.259	-4.16	1.011	1.496	0.582	98.69	
7.279	-4.14	1.009	1.395	0.545	97.49	
7.299	-4.121	1.006	1.295	0.508	96.375	
7.319	-4.104	1.004	1.195	0.473	95.347	
7.339	-4.088	1.003	1.094	0.439	94.407	
7.359	-4.073	1.002	0.993	0.406	93.558	
7.379	-4.06	1.001	0.893	0.374	92.801	
7.399	-4.047	1.001	0.792	0.344	92.138	
7.419	-4.037	1	0.69	0.313	91.569	
7.439	-4.027	1	0.589	0.282	91.096	
7.459	-4.019	1	0.486	0.248	90.716	
7.479	-4.012	1	0.383	0.21	90.426	
7.499	-4.007	1	0.28	0.162	90.221	
7.519	-4.003	1	0.18	0.11	90.095	
7.539	-4.001	1	0.084	0.053	90.028	
7.559	-4	1	0.022	0.014	90.004	
7.579	-4	1	0	0	90	
