0	-4	1	0	0	90	
0.037	-3.999	1	0.054	0.066	90.011	
0.057	-3.997	1	0.134	0.151	90.032	
0.077	-3.994	1	0.227	0.223	90.042	
0.097	-3.988	1	0.318	0.271	90.007	
0.117	-3.982	1	0.406	0.307	89.909	
0.137	-3.974	1	0.491	0.339	89.739	
0.157	-3.965	1	0.573	0.37	89.498	
0.177	-3.956	1	0.652	0.401	89.19	
0.197	-3.944	1	0.729	0.432	88.818	
0.217	-3.932	1.001	0.803	0.465	88.387	
0.237	-3.919	1.001	0.875	0.498	87.902	
0.257	-3.905	1.002	0.945	0.531	87.365	
0.277	-3.89	1.002	1.012	0.563	86.78	
0.297	-3.874	1.003	1.077	0.596	86.15	
0.317	-3.856	1.005	1.14	0.627	85.476	
0.337	-3.838	1.006	1.201	0.658	84.76	
0.357	-3.819	1.008	1.26	0.687	84.003	
0.377	-3.8	1.01	1.317	0.715	83.206	
0.397	-3.779	1.013	1.372	0.741	82.37	
0.417	-3.758	1.016	1.426	0.766	81.496	
0.437	-3.736	1.019	1.477	0.79	80.584	
0.457	-3.713	1.023	1.527	0.812	79.633	
0.477	-3.69	1.028	1.576	0.832	78.643	
0.497	-3.666	1.033	1.622	0.85	77.615	
0.517	-3.642	1.038	1.668	0.866	76.549	
0.537	-3.617	1.045	1.711	0.881	75.443	
0.557	-3.592	1.051	1.753	0.894	74.298	
0.577	-3.566	1.059	1.794	0.905	73.112	
0.597	-3.54	1.067	1.834	0.915	71.887	
0.617	-3.514	1.076	1.872	0.923	70.62	
0.637	-3.487	1.086	1.909	0.929	69.312	
0.657	-3.461	1.096	1.945	0.934	67.962	
0.677	-3.434	1.107	1.98	0.937	66.57	
0.697	-3.407	1.119	2.013	0.939	65.135	
0.717	-3.38	1.132	2.045	0.94	63.657	
0.737	-3.354	1.146	2.077	0.94	62.137	
0.757	-3.327	1.16	2.107	0.938	60.573	
0.777	-3.301	1.176	2.136	0.936	58.966	
0.797	-3.274	1.192	2.165	0.932	57.316	
0.817	-3.249	1.209	2.192	0.928	55.623	
0.837	-3.223	1.227	2.219	0.924	53.888	
0.857	-3.198	1.246	2.244	0.919	52.111	
0.877	-3.173	1.266	2.269	0.914	50.294	
0.897	-3.149	1.287	2.293	0.909	48.436	
0.917	-3.125	1.309	2.316	0.904	46.539	
0.937	-3.102	1.331	2.339	0.899	44.605	
0.957	-3.08	1.355	2.36	0.894	42.634	
0.977	-3.058	1.379	2.381	0.89	40.629	
0.997	-3.037	1.404	2.402	0.887	38.59	
1.017	-3.017	1.43	2.421	0.884	36.521	
1.037	-2.998	1.457	2.44	0.882	34.422	
1.057	-2.979	1.485	2.459	0.881	32.296	
1.077	-2.962	1.514	2.476	0.881	30.144	
1.097	-2.946	1.543	2.494	0.882	27.97	
1.117	-2.93	1.574	2.51	0.884	25.775	
1.137	-2.916	1.604	2.526	0.888	23.562	
1.157	-2.903	1.636	2.542	0.892	21.332	
1.177	-2.891	1.668	2.557	0.897	19.088	
1.197	-2.881	1.701	2.571	0.903	16.832	
1.217	-2.871	1.735	2.585	0.91	14.566	
1.237	-2.863	1.769	2.599	0.918	12.291	
1.257	-2.856	1.804	2.612	0.927	10.009	
1.277	-2.851	1.839	2.625	0.936	7.723	
1.297	-2.847	1.874	2.637	0.946	5.432	
1.317	-2.844	1.91	2.649	0.957	3.138	
1.337	-2.843	1.946	2.661	0.967	0.843	
1.357	-2.843	1.982	2.672	0.978	358.547	
1.377	-2.845	2.019	2.682	0.989	356.251	
1.397	-2.848	2.056	2.693	0.999	353.955	
1.417	-2.852	2.092	2.703	1.01	351.659	
1.437	-2.859	2.129	2.713	1.02	349.364	
1.457	-2.866	2.166	2.722	1.03	347.07	
1.477	-2.875	2.202	2.731	1.04	344.777	
1.497	-2.886	2.239	2.74	1.049	342.484	
1.517	-2.898	2.275	2.749	1.058	340.192	
1.537	-2.912	2.31	2.757	1.067	337.901	
1.557	-2.927	2.345	2.765	1.076	335.61	
1.577	-2.943	2.38	2.773	1.084	333.32	
1.597	-2.961	2.414	2.78	1.092	331.031	
1.617	-2.981	2.448	2.787	1.1	328.743	
1.637	-3.002	2.481	2.794	1.108	326.456	
1.657	-3.024	2.513	2.801	1.117	324.171	
1.677	-3.048	2.544	2.807	1.126	321.89	
1.697	-3.073	2.575	2.814	1.136	319.613	
1.717	-3.099	2.604	2.82	1.147	317.342	
1.737	-3.126	2.633	2.826	1.16	315.079	
1.757	-3.155	2.661	2.832	1.174	312.826	
1.777	-3.185	2.687	2.837	1.19	310.587	
1.797	-3.216	2.713	2.842	1.209	308.363	
1.817	-3.249	2.738	2.848	1.23	306.16	
1.837	-3.282	2.761	2.853	1.254	303.98	
1.857	-3.317	2.784	2.857	1.282	301.83	
1.877	-3.352	2.805	2.862	1.314	299.713	
1.897	-3.389	2.825	2.867	1.35	297.636	
1.917	-3.427	2.844	2.871	1.391	295.607	
1.937	-3.466	2.862	2.875	1.439	293.631	
1.957	-3.506	2.879	2.874	1.49	291.72	
1.977	-3.547	2.894	2.857	1.539	289.889	
1.997	-3.589	2.908	2.81	1.583	288.16	
2.017	-3.63	2.921	2.71	1.598	286.57	
2.037	-3.671	2.933	2.61	1.616	285.138	
2.057	-3.712	2.944	2.51	1.636	283.866	
2.077	-3.752	2.953	2.41	1.659	282.759	
2.097	-3.791	2.962	2.31	1.685	281.822	
2.117	-3.83	2.969	2.209	1.715	281.058	
2.137	-3.868	2.977	2.109	1.751	280.475	
2.157	-3.906	2.984	2.009	1.793	280.079	
2.177	-3.943	2.99	1.909	1.844	279.882	
2.197	-3.98	2.997	1.828	1.927	279.897	
2.217	-4.017	3.003	1.772	2.005	280.135	
2.237	-4.054	3.01	1.711	2.038	280.518	
2.257	-4.091	3.017	1.653	2.069	281.025	
2.277	-4.127	3.024	1.597	2.1	281.652	
2.297	-4.164	3.032	1.544	2.13	282.393	
2.317	-4.199	3.04	1.494	2.158	283.244	
2.337	-4.235	3.049	1.446	2.186	284.199	
2.357	-4.27	3.058	1.401	2.212	285.255	
2.377	-4.304	3.068	1.359	2.238	286.404	
2.397	-4.339	3.078	1.319	2.263	287.644	
2.417	-4.373	3.089	1.283	2.288	288.967	
2.437	-4.406	3.101	1.25	2.311	290.37	
2.457	-4.439	3.114	1.219	2.334	291.848	
2.477	-4.472	3.128	1.192	2.355	293.394	
2.497	-4.505	3.142	1.167	2.377	295.005	
2.517	-4.536	3.158	1.145	2.397	296.676	
2.537	-4.568	3.174	1.126	2.417	298.401	
2.557	-4.599	3.191	1.11	2.436	300.177	
2.577	-4.629	3.21	1.096	2.454	301.998	
2.597	-4.659	3.229	1.085	2.472	303.861	
2.617	-4.688	3.249	1.075	2.49	305.762	
2.637	-4.717	3.271	1.068	2.506	307.698	
2.657	-4.745	3.293	1.063	2.523	309.663	
2.677	-4.772	3.316	1.059	2.538	311.657	
2.697	-4.798	3.341	1.057	2.553	313.675	
2.717	-4.824	3.366	1.056	2.568	315.715	
2.737	-4.849	3.393	1.056	2.582	317.776	
2.757	-4.873	3.42	1.057	2.596	319.855	
2.777	-4.896	3.449	1.058	2.609	321.951	
2.797	-4.918	3.478	1.059	2.622	324.062	
2.817	-4.939	3.508	1.061	2.634	326.189	
2.837	-4.959	3.539	1.062	2.646	328.33	
2.857	-4.978	3.571	1.064	2.658	330.485	
2.877	-4.996	3.604	1.065	2.669	332.654	
2.897	-5.013	3.638	1.065	2.68	334.837	
2.917	-5.028	3.672	1.064	2.691	337.035	
2.937	-5.042	3.707	1.063	2.701	339.248	
2.957	-5.054	3.742	1.061	2.711	341.477	
2.977	-5.066	3.778	1.059	2.72	343.722	
2.997	-5.076	3.815	1.055	2.729	345.983	
3.017	-5.084	3.852	1.051	2.738	348.263	
3.037	-5.091	3.889	1.046	2.747	350.56	
3.057	-5.096	3.926	1.041	2.755	352.876	
3.077	-5.1	3.964	1.035	2.763	355.211	
3.097	-5.103	4.002	1.029	2.771	357.564	
3.117	-5.104	4.04	1.022	2.778	359.937	
3.137	-5.103	4.078	1.016	2.786	2.328	
3.157	-5.101	4.116	1.01	2.793	4.736	
3.177	-5.097	4.154	1.005	2.799	7.162	
3.197	-5.091	4.192	1	2.806	9.604	
3.217	-5.084	4.229	0.997	2.812	12.06	
3.237	-5.075	4.266	0.994	2.819	14.528	
3.257	-5.065	4.303	0.993	2.825	17.008	
3.277	-5.053	4.339	0.994	2.83	19.495	
3.297	-5.039	4.375	0.996	2.836	21.988	
3.317	-5.024	4.41	1	2.841	24.484	
3.337	-5.007	4.445	1.006	2.846	26.98	
3.357	-4.989	4.479	1.015	2.851	29.473	
3.377	-4.969	4.512	1.025	2.856	31.96	
3.397	-4.948	4.545	1.038	2.861	34.437	
3.417	-4.925	4.576	1.053	2.866	36.902	
3.437	-4.901	4.607	1.07	2.87	39.35	
3.457	-4.875	4.637	1.089	2.874	41.781	
3.477	-4.848	4.666	1.11	2.878	44.189	
3.497	-4.82	4.694	1.133	2.882	46.573	
3.517	-4.79	4.721	1.157	2.886	48.931	
3.537	-4.759	4.747	1.182	2.89	51.26	
3.557	-4.726	4.772	1.209	2.894	53.559	
3.577	-4.693	4.796	1.236	2.897	55.825	
3.597	-4.658	4.819	1.264	2.9	58.06	
3.617	-4.622	4.84	1.292	2.904	60.26	
3.637	-4.585	4.86	1.32	2.907	62.428	
3.657	-4.547	4.879	1.347	2.91	64.562	
3.677	-4.508	4.897	1.374	2.913	66.663	
3.697	-4.469	4.913	1.399	2.916	68.733	
3.717	-4.428	4.928	1.424	2.919	70.773	
3.737	-4.387	4.942	1.446	2.921	72.786	
3.757	-4.345	4.954	1.466	2.924	74.774	
3.777	-4.302	4.965	1.483	2.926	76.739	
3.797	-4.259	4.974	1.498	2.929	78.687	
3.817	-4.215	4.982	1.509	2.931	80.62	
3.837	-4.171	4.989	1.516	2.933	82.544	
3.857	-4.127	4.994	1.519	2.935	84.465	
3.877	-4.083	4.997	1.516	2.938	86.388	
3.897	-4.038	4.999	1.508	2.94	88.323	
3.917	-3.994	5	1.492	2.942	90.277	
3.937	-3.95	4.999	1.47	2.944	92.26	
3.957	-3.906	4.997	1.446	2.946	94.278	
3.977	-3.862	4.992	1.421	2.948	96.332	
3.997	-3.819	4.987	1.395	2.95	98.422	
4.017	-3.776	4.98	1.369	2.952	100.551	
4.037	-3.734	4.971	1.342	2.954	102.719	
4.057	-3.692	4.961	1.314	2.956	104.926	
4.077	-3.651	4.949	1.287	2.958	107.174	
4.097	-3.611	4.936	1.26	2.96	109.46	
4.117	-3.572	4.921	1.234	2.962	111.786	
4.137	-3.533	4.905	1.208	2.964	114.15	
4.157	-3.496	4.887	1.183	2.966	116.551	
4.177	-3.459	4.868	1.16	2.968	118.987	
4.197	-3.423	4.847	1.138	2.97	121.456	
4.217	-3.389	4.825	1.118	2.972	123.957	
4.237	-3.356	4.801	1.099	2.974	126.486	
4.257	-3.323	4.776	1.083	2.976	129.041	
4.277	-3.293	4.75	1.069	2.978	131.62	
4.297	-3.263	4.722	1.057	2.98	134.219	
4.317	-3.235	4.694	1.047	2.982	136.836	
4.337	-3.208	4.664	1.04	2.984	139.466	
4.357	-3.182	4.633	1.034	2.986	142.108	
4.377	-3.158	4.6	1.031	2.988	144.758	
4.397	-3.136	4.567	1.03	2.99	147.414	
4.417	-3.115	4.533	1.031	2.992	150.072	
4.437	-3.096	4.497	1.034	2.994	152.731	
4.457	-3.078	4.461	1.038	2.996	155.387	
4.477	-3.062	4.424	1.043	2.998	158.039	
4.497	-3.048	4.386	1.05	3	160.686	
4.517	-3.036	4.347	1.058	3	163.325	
4.537	-3.025	4.308	1.065	3	165.953	
4.557	-3.016	4.269	1.074	3	168.57	
4.577	-3.009	4.229	1.082	3	171.176	
4.597	-3.003	4.188	1.091	3	173.77	
4.617	-3	4.147	1.1	3	176.352	
4.637	-2.998	4.106	1.109	3	178.921	
4.657	-2.998	4.065	1.118	3	181.479	
4.677	-3	4.024	1.126	3	184.025	
4.697	-3.004	3.983	1.134	3	186.561	
4.717	-3.01	3.942	1.142	3	189.085	
4.737	-3.017	3.901	1.15	3	191.599	
4.757	-3.026	3.861	1.157	3	194.102	
4.777	-3.037	3.82	1.165	3	196.595	
4.797	-3.05	3.781	1.173	3	199.078	
4.817	-3.065	3.742	1.181	3	201.549	
4.837	-3.081	3.703	1.19	3	204.009	
4.857	-3.099	3.665	1.201	3	206.455	
4.877	-3.118	3.628	1.212	3	208.887	
4.897	-3.139	3.591	1.225	3	211.303	
4.917	-3.162	3.556	1.24	3	213.699	
4.937	-3.186	3.521	1.257	3	216.074	
4.957	-3.212	3.487	1.277	3	218.424	
4.977	-3.24	3.454	1.3	3	220.744	
4.997	-3.268	3.422	1.326	3	223.031	
5.017	-3.299	3.391	1.356	3	225.279	
5.037	-3.33	3.36	1.391	3	227.483	
5.057	-3.363	3.331	1.429	3	229.637	
5.077	-3.398	3.303	1.473	3	231.736	
5.097	-3.434	3.276	1.522	2.999	233.771	
5.117	-3.471	3.25	1.57	2.988	235.732	
5.137	-3.509	3.225	1.617	2.964	237.604	
5.157	-3.548	3.201	1.663	2.929	239.373	
5.177	-3.588	3.178	1.707	2.885	241.028	
5.197	-3.628	3.156	1.749	2.833	242.559	
5.217	-3.669	3.135	1.79	2.774	243.959	
5.237	-3.71	3.116	1.83	2.711	245.22	
5.257	-3.751	3.097	1.868	2.644	246.341	
5.277	-3.793	3.08	1.905	2.573	247.316	
5.297	-3.834	3.063	1.941	2.501	248.145	
5.317	-3.875	3.047	1.961	2.403	248.824	
5.337	-3.915	3.031	1.971	2.303	249.352	
5.357	-3.955	3.016	1.977	2.203	249.733	
5.377	-3.994	3.002	1.978	2.103	249.974	
5.397	-4.032	2.988	2.033	2.002	250.047	
5.417	-4.07	2.975	2.097	1.92	249.91	
5.437	-4.108	2.961	2.158	1.855	249.582	
5.457	-4.145	2.947	2.185	1.768	249.088	
5.477	-4.181	2.932	2.212	1.694	248.449	
5.497	-4.218	2.918	2.238	1.63	247.681	
5.517	-4.253	2.903	2.263	1.574	246.797	
5.537	-4.288	2.888	2.287	1.524	245.809	
5.557	-4.323	2.872	2.311	1.48	244.725	
5.577	-4.357	2.855	2.333	1.439	243.552	
5.597	-4.39	2.838	2.355	1.403	242.298	
5.617	-4.423	2.82	2.376	1.37	240.969	
5.637	-4.456	2.802	2.397	1.341	239.568	
5.657	-4.488	2.782	2.417	1.313	238.102	
5.677	-4.519	2.762	2.436	1.288	236.574	
5.697	-4.55	2.741	2.454	1.265	234.988	
5.717	-4.58	2.72	2.472	1.245	233.348	
5.737	-4.609	2.697	2.489	1.225	231.657	
5.757	-4.638	2.674	2.506	1.208	229.918	
5.777	-4.666	2.649	2.522	1.192	228.135	
5.797	-4.694	2.624	2.538	1.177	226.309	
5.817	-4.72	2.598	2.553	1.164	224.443	
5.837	-4.746	2.571	2.568	1.152	222.54	
5.857	-4.77	2.543	2.582	1.141	220.601	
5.877	-4.794	2.514	2.596	1.13	218.629	
5.897	-4.817	2.485	2.609	1.121	216.626	
5.917	-4.838	2.454	2.622	1.112	214.592	
5.937	-4.859	2.423	2.634	1.103	212.529	
5.957	-4.879	2.391	2.646	1.095	210.438	
5.977	-4.897	2.359	2.658	1.088	208.321	
5.997	-4.914	2.326	2.669	1.08	206.179	
6.017	-4.93	2.292	2.68	1.073	204.011	
6.037	-4.945	2.257	2.69	1.066	201.819	
6.057	-4.958	2.222	2.701	1.059	199.604	
6.077	-4.97	2.186	2.71	1.052	197.365	
6.097	-4.98	2.15	2.72	1.044	195.104	
6.117	-4.99	2.114	2.729	1.037	192.82	
6.137	-4.997	2.077	2.738	1.029	190.513	
6.157	-5.003	2.039	2.747	1.022	188.185	
6.177	-5.008	2.002	2.755	1.014	185.835	
6.197	-5.011	1.964	2.763	1.007	183.463	
6.217	-5.012	1.927	2.771	0.999	181.071	
6.237	-5.012	1.889	2.778	0.992	178.658	
6.257	-5.011	1.851	2.786	0.985	176.226	
6.277	-5.007	1.814	2.793	0.979	173.775	
6.297	-5.002	1.776	2.799	0.973	171.306	
6.317	-4.996	1.739	2.806	0.968	168.821	
6.337	-4.988	1.702	2.812	0.964	166.321	
6.357	-4.978	1.666	2.819	0.961	163.808	
6.377	-4.967	1.63	2.824	0.959	161.282	
6.397	-4.954	1.594	2.83	0.958	158.748	
6.417	-4.939	1.559	2.836	0.959	156.206	
6.437	-4.923	1.525	2.841	0.962	153.659	
6.457	-4.906	1.491	2.846	0.967	151.111	
6.477	-4.886	1.458	2.851	0.973	148.563	
6.497	-4.866	1.426	2.856	0.981	146.018	
6.517	-4.844	1.395	2.861	0.992	143.48	
6.537	-4.82	1.364	2.866	1.004	140.951	
6.557	-4.795	1.334	2.87	1.019	138.434	
6.577	-4.768	1.306	2.874	1.035	135.932	
6.597	-4.74	1.278	2.878	1.053	133.448	
6.617	-4.711	1.252	2.882	1.073	130.985	
6.637	-4.681	1.226	2.886	1.094	128.544	
6.657	-4.649	1.202	2.89	1.117	126.128	
6.677	-4.616	1.179	2.894	1.141	123.738	
6.697	-4.582	1.157	2.897	1.165	121.377	
6.717	-4.547	1.137	2.8	1.15	119.081	
6.737	-4.513	1.119	2.7	1.13	116.895	
6.757	-4.479	1.103	2.6	1.107	114.815	
6.777	-4.446	1.088	2.5	1.082	112.839	
6.797	-4.413	1.075	2.4	1.054	110.963	
6.817	-4.381	1.063	2.3	1.024	109.182	
6.837	-4.35	1.053	2.2	0.99	107.494	
6.857	-4.32	1.044	2.1	0.954	105.895	
6.877	-4.291	1.036	1.999	0.916	104.381	
6.897	-4.264	1.029	1.899	0.875	102.949	
6.917	-4.237	1.023	1.799	0.832	101.596	
6.937	-4.212	1.019	1.699	0.788	100.32	
6.957	-4.188	1.015	1.598	0.742	99.118	
6.977	-4.166	1.011	1.498	0.694	97.989	
6.997	-4.144	1.008	1.398	0.646	96.93	
7.017	-4.125	1.006	1.297	0.597	95.942	
7.037	-4.107	1.004	1.197	0.549	95.024	
7.057	-4.09	1.003	1.096	0.501	94.176	
7.077	-4.075	1.002	0.996	0.453	93.399	
7.097	-4.061	1.001	0.895	0.408	92.695	
7.117	-4.048	1.001	0.794	0.364	92.067	
7.137	-4.037	1	0.693	0.324	91.517	
7.157	-4.028	1	0.591	0.285	91.05	
7.177	-4.019	1	0.488	0.25	90.67	
7.197	-4.013	1	0.385	0.215	90.38	
7.217	-4.007	1	0.28	0.171	90.179	
7.237	-4.003	1	0.18	0.124	90.068	
7.257	-4.001	1	0.084	0.063	90.018	
7.277	-4	1	0.022	0.017	90.002	
7.297	-4	1	0	0	90	
